"Subject"	"Q1.a"	"Q1.b"	"Q1.c"	"Q1.d"	"Q1.e"	"Q2.a"	"Q2.b"	"Q2.c"	"Q2.d"	"Q2.e"	"Q2.f"	"Q2.g"	"Q2.h"	"Suspected"	"Game.affect.distraction"	"Surprise"	"Station"	"Condition"	"Game.1"	"Game.2"	"Game.3"	"Game.4"	"Game.5"	"Game.6"	"RA"	"goodSession"	"Assignment"	"irritated"	"happy"	"angered"	"helpful"	"pleased"	"annoyed"	"easy.nav"	"excited"	"engaged"	"challenging"	"stressful"	"violence"	"diff.nav"	"reflexes"	"satisfying"	"effective"	"difficult"	"good.fight"	"hard.control"	"mental.effort"	"comfort.control"	"exhausting"	"aggressed"	"enjoyed"	"often.played"	"FPS.experience"	"FPS.skill"	"mkb.experience"	"vg.freq"	"vg.cumul"	"age"	"race"	"race2"	"year"	"GPA"	"knew.others"	"knew.partner"	"gender"	"rating1"	"rating2"	"rating3"	"rating4"	"rating5"	"rating6"	"L_ring_length"	"L_ring_angle"	"L_index_length"	"L_index_angle"	"R_index_length"	"R_index_angle"	"R_ring_length"	"R_ring_angle"	"DV"	"Violence"	"Difficulty"	"L2d4d"	"R2d4d"
1	0	0	0	0	0	0	1	1	0	0	1	1	0	3	"No"	"No"	4	1	0	508	17	1650	171	0	"Jimmy"	"Maybe"	4	5	2	4	4	2	5	7	4	5	3	3	4	1	1	4	5	1	1	1	4	6	3	4	4	4	5	4	5	3	4	19	5	NA	2	3.9	"Yes"	"No"	"M"	NA	NA	NA	NA	NA	NA	912.45	88.305	874.15	85.145	891.7	87.105	923.1	87.985	4	"Violent"	"Easy"	0.958025097265603	0.96598418372874
2	1	0	0	0	1	1	0	0	0	0	1	0	0	4	"No"	"No"	2	2	3	193	3	896	33	95	"Mallory"	"Yes"	5	1	4	1	1	7	1	2	1	7	6	5	7	3	7	2	1	7	7	7	7	6	6	4	1	5	7	4	1	3	3	19	2	NA	2	2.5	"No"	"No"	"M"	NA	NA	NA	NA	NA	NA	954.15	89.01	879	77.315	871.55	75.175	969.25	87.78	5	"Violent"	"Hard"	0.921238798930986	0.899200412690224
3	0	0	1	0	0	1	0	1	1	0	1	0	0	3	"Yes"	"No"	4	3	0	156	5	46	144	0	"Jimmy"	"Yes"	5	7	2	5	1	1	1	7	3	3	2	1	1	1	2	2	3	2	1	3	1	5	1	1	1	1	4	7	3	1	3	18	5	NA	1	3.3	"No"	"No"	"M"	10	10	10	10	10	10	935.75	87.765	907.55	80.295	901.15	81.61	930.65	86.58	5	"Less Violent"	"Easy"	0.969863745658563	0.968301724601085
5	0	0	1	0	0	1	1	0	0	1	1	0	0	1	"No"	"No"	4	1	0	485	19	1134	227	0	"Danielle"	"Maybe"	2	1	4	1	1	1	1	7	1	1	1	1	7	1	1	7	7	1	1	1	1	7	1	1	2	7	7	7	7	7	7	18	5	NA	1	3.3	"No"	"No"	"M"	0	0	0	0	0	0	856	89.765	860.4	80.065	865.95	79.155	876.25	86.4	2	"Violent"	"Easy"	1.00514018691589	0.988245363766049
6	0	1	0	0	0	1	0	0	0	0	0	1	0	1	"Maybe"	"Maybe"	2	2	4	286	6	1444	101	100	"JC"	"Yes"	9	4	7	1	4	7	1	6	6	6	3	2	3	2	4	4	6	2	5	2	5	3	2	1	6	2	5	5	2	2	3	21	5	NA	3	3.3	"No"	"No"	"M"	7	5	7	8	6	7	908.7	88.995	896.55	86.185	854.65	87.05	907.1	88.015	9	"Violent"	"Hard"	0.986629250577748	0.942178370631683
7	1	0	1	0	1	0	1	0	0	1	1	0	0	3	"Maybe"	"Yes"	2	3	0	96	22	87	111	0	"Stephen"	"Yes"	7	5	2	5	1	1	5	6	3	5	2	3	4	2	3	5	3	5	3	5	3	5	4	3	3	3	5	2	3	2	4	19	5	NA	1	3.7	"No"	"No"	"M"	NA	NA	NA	NA	NA	NA	891.55	87.94	864.15	85.125	849.9	71.62	906.65	82.555	7	"Less Violent"	"Easy"	0.969267006898099	0.93740693762753
8	0	0	0	0	1	1	0	0	0	0	0	0	0	3	"Maybe"	"Yes"	4	4	0	368	12	1267	126	60	"Melissa"	NA	5	1	4	1	4	4	4	6	3	4	3	2	2	3	4	5	6	3	4	4	2	5	2	2	4	3	5	4	4	5	5	19	3	NA	2	3.91	"Yes"	"No"	"M"	7	7	7	7	4	6	942.3	86.25	827	84.48	887.25	86.43	882.1	85.83	5	"Less Violent"	"Hard"	0.877639817467898	1.00583834032423
10	0	1	0	0	0	0	0	0	0	0	0	1	0	4	"Yes"	"No"	2	2	2	229	6	730	75	80	"SC"	"Yes"	4	6	2	5	1	1	5	6	6	6	3	3	5	2	2	6	6	2	2	2	2	4	2	6	6	5	6	4	6	4	6	18	6	NA	1	3.83	"No"	"No"	"M"	NA	NA	NA	NA	NA	NA	909.3	87.605	847.95	88.175	866.05	89.44	916.2	82.095	4	"Violent"	"Hard"	0.932530517980865	0.945263043003711
11	1	1	0	0	0	1	1	0	0	1	1	1	0	2	"No"	"No"	4	3	0	401	14	1573	120	0	"Melissa"	"Yes"	5	5	3	4	2	4	5	6	5	5	1	2	1	2	2	6	5	4	3	5	3	6	3	1	5	2	6	5	3	5	5	19	5	NA	2	2.9	"No"	"No"	"M"	4	-9	0	8	0	2	946.65	86.635	887.65	85.995	893.1	87.91	949.05	88.125	5	"Less Violent"	"Easy"	0.937674959066181	0.941046309467362
12	0	1	0	0	0	0	0	0	0	0	1	0	0	2	"Yes"	"No"	2	4	4	283	7	1220	65	91	"SC"	"Yes"	9	5	2	6	4	2	5	1	5	6	6	3	5	5	6	5	5	5	6	6	4	5	3	4	5	2	7	6	3	2	3	20	5	NA	2	3.5	"No"	"No"	"M"	NA	NA	NA	NA	NA	NA	870.8	86.41	852.2	89.035	854.65	89.025	871.3	83.675	9	"Less Violent"	"Hard"	0.978640330730363	0.980890623206703
15	0	0	0	1	0	1	0	0	1	0	0	1	0	4	"Maybe"	"No"	2	3	0	202	22	425	100	0	"Mallory"	"Maybe"	4	4	2	4	1	1	4	7	3	2	2	1	5	2	1	4	3	2	1	2	2	7	1	3	4	5	7	6	6	5	6	19	5	NA	1	3.9	"Yes"	"Yes"	"M"	0	-7	0	7	5	3	886.8	85.48	819.7	81.655	825.95	84.405	916.9	88.31	4	"Less Violent"	"Easy"	0.924334686513306	0.900807067291962
18	0	1	0	0	0	1	0	0	0	0	1	0	0	4	"No"	"No"	4	2	0	354	11	1264	103	73	"JH"	"Maybe"	4	6	2	3	1	2	5	7	7	7	3	2	6	2	2	6	6	3	5	3	2	7	2	3	7	4	7	7	6	6	7	19	5	NA	2	3.2	"No"	"No"	"M"	3	4	5	8	7	7	873.75	80.22	865.35	88.38	820.35	84.085	877.3	88.5	4	"Violent"	"Hard"	0.990386266094421	0.935084919639804
20	1	0	0	1	0	1	0	0	0	0	0	1	1	5	"No"	"Yes"	4	4	2	332	7	1405	107	65	"JH"	"Maybe"	2	6	4	3	4	4	5	7	7	7	6	5	3	1	7	6	6	1	5	1	3	7	2	4	7	7	7	5	7	7	7	18	5	NA	1	3.7	"No"	"No"	"M"	6	1	4	9	6	4	888.55	89.355	906.75	82.27	904.15	84.19	894.4	88.335	2	"Less Violent"	"Hard"	1.02048280907096	1.0109011627907
21	0	0	0	1	0	1	1	0	1	0	1	1	0	3	"No"	"No"	4	1	0	393	13	397	282	0	"Ashley"	"Maybe"	4	5	4	4	3	2	5	6	5	6	3	3	6	3	3	5	5	3	1	3	2	6	2	5	5	3	7	5	5	3	4	18	5	NA	1	4	"Yes"	"No"	"M"	7	6	7	8	8	7	809.1	89.15	752.95	80.675	760	76.03	824.15	84.99	4	"Violent"	"Easy"	0.930601903349401	0.922162227749803
22	0	0	1	0	0	0	1	0	0	0	0	0	0	4	"No"	"Yes"	2	2	1	235	4	1005	81	47	"JH"	"Yes"	9	5	1	6	4	1	5	7	4	6	3	1	3	1	6	4	6	5	6	1	6	7	1	1	7	5	7	6	6	5	7	18	5	NA	1	3.8	"No"	"No"	"M"	8	10	7	9	5	8	936.1	88.01	886.65	82.71	848.55	83.775	910.65	86.09	9	"Violent"	"Hard"	0.947174447174447	0.9318069510789
23	1	1	1	1	1	1	1	0	1	1	0	1	0	2	"No"	"No"	4	3	0	465	16	2524	162	0	"Danielle"	"Yes"	3	7	1	7	1	1	7	7	2	4	1	1	1	1	1	5	5	1	1	NA	2	7	1	1	4	2	7	5	2	4	5	18	5	NA	1	3.85	"No"	"No"	"M"	8	9	8	8	7	8	896.85	88.37	885.15	82	890.5	85.715	912.8	84.78	3	"Less Violent"	"Easy"	0.986954340190667	0.97556967572305
24	1	0	1	0	0	1	1	1	0	0	0	0	0	3	"Maybe"	"Yes"	2	4	1	462	12	2224	79	87	"JC"	"Yes"	9	7	1	7	1	1	7	7	5	6	1	1	1	1	1	7	5	1	5	1	1	7	1	3	3	2	7	7	2	7	7	18	2	NA	1	3.8	"No"	"No"	"M"	8	5	7	10	1	7	951.05	83.295	902.45	83.7	921.35	78.545	970.55	88.085	9	"Less Violent"	"Hard"	0.948898585773619	0.949307093915821
25	0	1	0	0	1	0	1	0	0	0	0	1	0	1	"Maybe"	"Maybe"	4	1	0	548	19	1718	236	0	"JC"	"Yes"	7	4	4	4	4	4	4	7	6	6	1	2	7	1	6	7	7	1	1	1	2	6	4	3	4	2	7	7	1	2	5	19	5	NA	1	3.4	"No"	"No"	"M"	2	5	4	5	7	5	943.55	87.33	951.6	87.255	921.85	84.43	911.1	89.15	7	"Violent"	"Easy"	1.00853160934768	1.01179892437713
26	0	0	1	0	0	0	0	0	0	0	0	0	0	1	"No"	"Yes"	2	2	0	351	11	1722	85	55	"Mallory"	"Maybe"	1	1	4	1	1	4	1	1	1	1	1	1	1	1	1	1	7	1	1	1	1	7	1	1	5	7	7	1	5	7	7	18	5	NA	1	4	"No"	"No"	"M"	-5	-5	-5	-5	-5	-5	933.15	85.665	868.05	89.505	874.1	86.595	958	86.235	1	"Violent"	"Hard"	0.930236296415367	0.912421711899791
28	0	0	1	0	0	0	0	0	0	0	1	0	0	3	"Maybe"	"No"	4	4	2	381	9	1700	85	74	"Danielle"	"Maybe"	7	1	4	1	2	5	4	7	5	6	2	2	2	1	5	6	7	1	4	1	4	7	1	2	5	NA	NA	NA	NA	NA	NA	18	5	NA	1	3.8	"No"	"No"	"M"	5	7	2	9	6	5	854	81.685	792.8	81.99	797.15	79.775	804.75	84.835	7	"Less Violent"	"Hard"	0.928337236533958	0.990556073314694
29	0	1	1	1	0	1	0	0	0	0	0	1	0	4	"No"	"No"	2	1	0	451	15	1600	165	0	"JC"	"Yes"	5	6	1	4	1	1	6	7	4	5	2	1	5	1	1	4	6	2	1	3	2	7	2	2	5	3	6	5	5	3	5	18	5	NA	1	4	"No"	"No"	"M"	9	6	7	10	8	8	861	89.77	828.05	84.7	821.2	82.405	867.75	86.365	5	"Violent"	"Easy"	0.961730545876887	0.946355517142034
30	0	0	1	0	0	1	1	0	1	0	0	0	0	2	"No"	"Yes"	1	2	3	318	5	1221	72	113	"JC"	"Yes"	9	7	1	6	1	1	7	6	5	6	6	5	7	5	6	5	6	5	5	6	5	6	4	6	5	5	6	5	3	5	7	24	5	NA	4	3.2	"No"	"No"	"M"	7	5	6	8	7	7	926	89.595	901.05	81.67	897.8	85.88	927	89.57	9	"Violent"	"Hard"	0.973056155507559	0.968500539374326
31	0	1	0	0	1	1	0	0	0	0	0	0	0	2	"No"	"Yes"	4	3	0	510	17	256	454	0	"Danielle"	"Yes"	7	7	1	5	1	1	7	7	4	5	2	1	2	1	1	4	5	1	1	1	2	7	1	4	3	5	7	6	5	5	6	19	5	NA	1	3.7	"No"	"No"	"M"	8	5	7	8	6	7	859.4	85.76	789.25	74.65	795.2	75.84	810	89.755	7	"Less Violent"	"Easy"	0.918373283686293	0.981728395061728
32	1	1	1	1	1	1	1	1	0	0	0	0	1	2	"Maybe"	"Yes"	4	4	5	281	7	989	137	90	"Danielle"	"Yes"	9	7	1	7	1	1	7	7	4	5	2	1	2	2	4	5	5	3	3	3	3	5	2	2	5	2	5	3	5	2	2	18	5	NA	1	3.6	"No"	"No"	"M"	7	3	7	8	8	7	929.95	88.18	892.9	76.165	869.75	80.77	923.75	87.02	9	"Less Violent"	"Hard"	0.960159148341309	0.941542625169148
36	0	1	0	0	0	1	0	0	1	0	0	1	0	2	"No"	"Yes"	2	4	2	270	4	912	125	85	"SC"	"Yes"	6	5	3	4	1	3	5	7	5	5	6	2	1	1	3	4	5	2	2	7	5	5	1	1	5	2	7	6	3	3	5	18	3	NA	1	2.8	"No"	"No"	"M"	5	7	7	8	7	7	876.05	85.615	824.15	86.345	821.8	82.905	879.55	89.445	6	"Less Violent"	"Hard"	0.940756806118372	0.934341424592121
38	1	0	0	0	1	1	0	0	1	0	0	1	0	4	"Maybe"	"Yes"	2	2	3	300	6	1261	102	81	"SC"	"Yes"	6	6	3	6	1	4	4	7	6	6	7	5	7	2	5	6	6	5	7	6	5	7	2	3	6	5	6	6	2	6	6	18	5	NA	1	3	"No"	"No"	"M"	6	6	4	7	6	5	970	89.765	941	81.63	942.1	89.335	988.4	83.26	6	"Violent"	"Hard"	0.970103092783505	0.95315661675435
40	1	1	1	0	0	1	1	0	0	0	1	1	0	2	"No"	"No"	2	4	3	175	3	552	75	68	"SC"	"Yes"	5	5	2	4	1	2	4	5	5	5	5	4	4	3	5	5	5	4	5	5	5	3	3	5	5	1	2	1	2	1	1	19	5	NA	2	3.3	"No"	"No"	"M"	4	5	-2	6	3	4	915.25	84.17	897.55	89.455	888.05	89.585	938.8	82.37	5	"Less Violent"	"Hard"	0.980661021578804	0.945941627609715
41	0	1	0	1	1	0	1	0	0	0	0	0	0	5	"No"	"Yes"	4	1	0	541	13	1801	153	0	"Melissa"	"Yes"	9	7	2	7	1	1	7	7	5	5	1	1	7	1	4	7	5	1	1	1	4	7	1	7	7	7	7	7	7	5	7	19	1	NA	1	3.89	"Yes"	"Yes"	"M"	5	2	4	7	0	4	1065.55	77.31	1062.55	88.115	1053.55	83.625	1056.1	85.52	9	"Violent"	"Easy"	0.997184552578481	0.997585455922735
43	1	0	1	0	1	1	0	0	0	0	0	1	0	4	"Maybe"	"Yes"	2	3	0	353	13	602	233	0	"Melissa"	NA	4	4	2	4	2	2	5	6	5	5	3	4	3	3	3	4	5	4	3	5	5	6	4	5	4	2	2	2	5	1	1	20	3	NA	1	NA	"No"	"No"	"M"	7	2	5	5	6	5	858.6	87.095	811.7	88.87	816.05	83.035	860.55	88.07	4	"Less Violent"	"Easy"	0.945376193803867	0.948288885015397
44	0	0	1	0	0	1	1	0	1	0	1	1	0	3	"No"	"No"	4	4	4	257	3	981	107	94	"Danielle Tobias"	"Yes"	6	7	1	7	1	1	7	5	6	7	6	4	3	4	7	5	7	4	5	4	5	6	5	6	7	5	7	6	5	4	5	18	5	NA	1	3.887	"No"	"No"	"M"	0	-10	-6	3	-3	-5	1057.95	86.505	981.75	86.115	945.35	88.565	1004.7	84.47	6	"Less Violent"	"Hard"	0.927973911810577	0.94092764009157
45	0	1	0	0	0	0	0	0	0	0	0	1	0	2	"No"	"No"	2	1	0	335	22	2134	110	0	"JC"	"Yes"	7	5	3	4	2	2	5	7	5	6	1	1	4	1	1	7	6	6	6	2	1	7	1	3	6	6	7	7	5	4	6	18	5	NA	1	3.7	"No"	"No"	"M"	8	4	7	9	8	8	978.1	86.01	927.566666666667	86.7433333333333	944.4	81.7766666666667	970.066666666667	85.9866666666667	7	"Violent"	"Easy"	0.948335207715639	0.973541337365129
47	0	0	0	1	0	1	0	0	0	0	0	0	0	2	"No"	"Yes"	2	3	0	441	15	266	16	0	"Mallory Baldain"	"Yes"	9	7	1	5	1	1	5	7	5	5	1	1	1	1	1	5	6	1	1	1	1	7	4	1	4	3	6	6	4	2	3	18	5	NA	1	3	"Yes"	"Yes"	"M"	6	2	3	10	4	5	867.133333333333	88.92	851.966666666667	80.9533333333333	854.166666666667	88.97	883.033333333333	81.97	9	"Less Violent"	"Easy"	0.98250941800569	0.967309652334756
48	0	0	0	1	0	0	0	0	0	1	0	0	0	5	"No"	"Maybe"	2	4	6	248	3	1693	23	113	"Mallory Baldain"	"Yes"	9	4	4	4	1	1	1	7	1	5	5	2	1	1	6	3	3	3	5	5	1	4	1	5	4	7	7	7	6	1	7	19	5	NA	1	3.7	"No"	"No"	"M"	-10	-10	-7	0	1	-10	919.066666666667	87.2566666666667	829.4	88.2033333333333	825.066666666667	89.21	901.733333333333	87.7566666666667	9	"Less Violent"	"Hard"	0.902437255186421	0.914978559810736
49	0	1	0	0	0	0	0	0	0	0	1	1	0	2	"No"	"Yes"	4	1	0	507	17	1060	251	0	"JC"	"Yes"	8	7	1	7	1	1	7	6	5	5	2	2	5	2	5	4	3	3	3	1	2	7	2	6	5	3	7	6	5	6	7	18	5	NA	1	3.67	"No"	"No"	"M"	7	7	6	10	9	8	897.4	85.0133333333333	838.166666666667	86.5533333333333	859.733333333333	89.3166666666667	891.166666666667	86.3866666666667	8	"Violent"	"Easy"	0.933994502637249	0.964727884795212
50	1	0	1	0	0	1	0	0	0	0	0	0	0	2	"No"	"No"	4	2	7	232	3	1297	47	139	"Danielle Tobias"	"Yes"	5	7	1	7	1	1	7	7	5	6	5	4	5	5	7	6	5	5	6	3	3	5	2	3	6	4	7	3	3	4	7	19	5	NA	1	3.7	"No"	"No"	"M"	0	0	8	9	7	3	911.366666666667	87.2966666666667	862.066666666667	74.2466666666667	866.7	71	911.066666666667	79.11	5	"Violent"	"Hard"	0.945905416773344	0.9513025025611
51	0	1	0	0	0	0	0	1	0	0	1	1	0	2	"No"	"No"	2	3	0	513	17	2982	55	0	"JC"	"Maybe"	4	2	2	1	1	1	2	7	3	6	1	1	1	1	2	5	6	1	1	1	2	7	1	4	5	5	7	5	7	5	6	18	5	NA	1	2.7	"No"	"No"	"M"	5	-3	3	6	5	4	904	85.39	894.233333333333	88.2266666666667	868.066666666667	89.2266666666667	909.3	81.1	4	"Less Violent"	"Easy"	0.98919616519174	0.954653762967851
52	0	0	1	0	0	0	1	0	0	0	0	0	0	3	"No"	"No"	4	4	3	390	18	1294	128	92	"Danielle Tobias"	"Yes"	7	6	2	6	1	1	7	7	4	6	1	1	1	1	7	6	5	2	4	5	2	7	2	1	5	5	7	7	4	5	6	18	5	NA	1	3.8	"No"	"No"	"M"	5	6	4	8	-1	5	746.466666666667	88.9733333333333	754.066666666667	85.7866666666667	735.966666666667	81.5633333333333	733.766666666667	86.46	7	"Less Violent"	"Hard"	1.01018129856211	1.00299822831963
53	0	0	0	0	1	1	0	0	0	0	0	0	0	3	"Yes"	"Maybe"	2	1	0	512	22	1003	281	0	"JC"	"Yes"	7	5	3	3	2	3	6	7	6	7	2	1	7	1	2	7	7	6	1	2	2	6	1	6	7	7	7	3	7	6	7	19	5	NA	1	3.2	"No"	"No"	"M"	5	3	35	6	6	6	886.4	86.1666666666667	839.6	85.54	822	89.8833333333333	869.7	81.16	7	"Violent"	"Easy"	0.947202166064982	0.945153501207313
54	0	1	1	0	1	1	0	0	0	0	1	0	0	3	"Maybe"	"No"	2	2	0	330	10	1085	83	53	"SC"	"Yes"	3	6	2	7	1	4	5	7	6	6	5	4	6	2	6	4	6	2	1	1	4	7	3	6	6	5	7	6	7	7	5	18	5	NA	1	3.9	"No"	"No"	"M"	9	-2	4	5	-3	6	923.666666666667	85.3866666666667	902.233333333333	86.2933333333333	913.566666666667	87.4866666666667	927.966666666667	83.8766666666667	3	"Violent"	"Hard"	0.976795380728978	0.984482201228492
56	1	1	1	0	0	1	0	0	0	0	0	0	0	2	"No"	"No"	2	4	0	428	14	1586	148	55	"SC"	"Yes"	9	5	1	3	1	1	6	7	6	6	1	1	1	1	2	5	6	1	2	1	3	7	1	3	6	6	7	7	7	5	7	19	5	NA	2	3	"No"	"No"	"M"	6	2	5	7	-5	2	909.3	77.0966666666667	901.933333333333	87.9833333333333	875.9	87.4066666666667	921.866666666667	82.06	9	"Less Violent"	"Hard"	0.991898530004765	0.950137402371999
58	0	1	0	0	0	0	0	0	0	0	0	0	0	1	"No"	"No"	2	2	3	213	6	855	82	71	"SC"	"Yes"	5	2	4	2	6	4	2	6	5	6	5	1	5	2	3	5	6	3	5	6	4	5	1	5	5	3	7	3	4	5	3	21	5	NA	3	3.1	"Yes"	"No"	"M"	7	6	8	10	9	8	963.933333333333	82.21	935.7	89.6566666666667	924.633333333333	87.9133333333333	981.066666666667	85.2433333333333	5	"Violent"	"Hard"	0.970710284252023	0.942477575428105
60	0	0	0	0	1	0	0	0	0	0	1	0	0	1	"No"	"Yes"	2	4	14	445	19	927	124	219	"SC"	"Yes"	9	7	1	7	1	1	7	7	4	5	5	5	1	1	5	1	1	7	5	1	4	7	4	1	4	1	7	7	7	7	7	19	5	NA	1	3.6	"No"	"No"	"M"	10	-10	0	0	-10	-5	878.333333333333	87.32	776.5	87.9633333333333	784.033333333333	89.4933333333333	859.4	87.1766666666667	9	"Less Violent"	"Hard"	0.884060721062619	0.912303157241486
61	0	1	0	0	0	1	0	0	0	1	1	1	0	2	"No"	"No"	4	1	0	376	12	967	185	0	"Melissa"	"Yes"	9	7	1	5	2	1	7	7	7	7	1	1	5	1	1	7	7	1	1	1	1	7	1	1	7	7	7	3	5	5	7	18	5	NA	1	3.2	"No"	"No"	"M"	4	3	2	5	2	5	840.4	82.2233333333333	802.033333333333	89.69	816.2	87.4	845.633333333333	81.7966666666667	9	"Violent"	"Easy"	0.954347136284309	0.965193740391817
62	0	1	0	1	0	1	1	0	0	0	1	1	0	2	"Maybe"	"Yes"	2	2	2	227	5	783	48	30	"Mallory Baldain"	"Yes"	7	5	3	5	4	2	6	2	6	6	5	5	6	2	5	6	6	4	5	5	3	4	2	5	6	2	5	4	3	4	5	18	5	NA	1	3.7	"No"	"No"	"M"	6	5	5	8	7	6	907.566666666667	86.2666666666667	895.933333333333	82.5366666666667	862.6	84.8266666666667	875.7	86.7966666666667	7	"Violent"	"Hard"	0.987181841554339	0.985040538997374
64	0	0	1	0	0	0	0	0	0	0	0	1	0	1	"No"	"Maybe"	2	4	2	243	3	402	104	76	"Mallory Baldain"	"Yes"	9	7	1	7	1	1	7	6	5	7	5	2	2	1	2	2	5	4	5	3	5	5	3	3	5	4	6	6	6	7	7	18	2	NA	1	3.8	"No"	"No"	"M"	7	7	9	10	7	8	930.6	85.7466666666667	926.466666666667	85.2966666666667	933.4	89.3033333333333	944.5	85.22	9	"Less Violent"	"Hard"	0.995558421090336	0.988247750132345
68	1	1	0	0	1	1	0	0	0	0	1	0	0	4	"No"	"No"	4	4	1	213	6	910	77	35	"Danielle Tobias"	"Yes"	9	6	1	5	1	2	6	6	6	7	4	1	1	2	4	5	6	4	5	4	5	7	2	2	6	3	7	7	3	4	4	18	3	NA	1	3.2	"No"	"No"	"M"	7	5	3	5	4	4	882.033333333333	86.8366666666667	865.433333333333	79.93	857.333333333333	72.4366666666667	892.1	80.5566666666667	9	"Less Violent"	"Hard"	0.981179849589963	0.961028285319284
69	1	1	1	0	0	1	1	0	0	0	1	1	0	2	"No"	"Yes"	2	1	0	508	17	1327	200	0	"JC"	"Yes"	9	7	1	7	1	1	1	7	6	7	4	1	3	1	1	5	7	2	5	2	4	4	2	5	5	2	7	7	7	5	5	20	5	NA	2	3	"No"	"No"	"M"	4	0	0	-4	-5	0	944.9	84.5766666666667	901.833333333333	86.8033333333333	895.533333333333	88.7433333333333	972.766666666667	80.83	9	"Violent"	"Easy"	0.954421984689738	0.920604461501558
72	0	0	1	0	0	1	0	0	0	0	0	1	1	2	"No"	"Maybe"	2	4	2	327	10	1238	138	76	"Mallory Baldain"	"Yes"	5	7	1	5	1	1	7	6	7	7	2	2	1	1	6	6	6	5	5	5	1	7	2	5	7	1	6	6	3	5	5	18	5	NA	1	4	"No"	"No"	"M"	-2	-5	-5	0	-8	-4	941.9	82.9066666666667	885.033333333333	89.61	872.433333333333	83.6166666666667	930	89.7733333333333	5	"Less Violent"	"Hard"	0.939625579502424	0.938100358422939
73	0	1	0	0	0	0	0	0	0	0	0	1	0	2	"No"	"Yes"	4	1	0	387	13	1403	73	0	"JH"	"Yes"	1	3	4	4	1	4	4	7	7	7	1	1	1	1	5	7	7	1	3	1	1	7	1	1	7	3	7	7	5	5	5	19	5	NA	2	3.2	"No"	"No"	"M"	10	-6	3	7	3	2	923.033333333333	89.67	877.033333333333	82.58	886.233333333333	87.4566666666667	949.5	86.78	1	"Violent"	"Easy"	0.950164313314795	0.933368439529577
77	1	0	0	0	1	0	1	0	0	0	0	1	0	1	"Maybe"	"Yes"	2	1	0	327	11	808	161	0	"JC"	"Yes"	8	4	4	5	2	2	4	6	3	5	2	2	6	2	2	3	6	2	1	2	3	5	2	2	4	2	5	3	5	2	3	18	5	NA	1	3.9	"No"	"No"	"M"	7	6	5	8	7	7	923.575	84.47	NA	86.945	880.075	76.74	890.975	80.4175	8	"Violent"	"Easy"	NA	0.987766211173153
78	0	0	1	0	0	0	0	0	0	0	1	0	0	5	"No"	"No"	4	2	1	153	3	590	36	50	"MN"	"Yes"	8	7	4	5	1	1	7	7	7	7	5	5	6	2	6	5	5	5	6	3	5	6	5	3	6	3	5	4	5	2	4	19	5	NA	2	3	"No"	"No"	"M"	6	-8	0	2	-2	-2	937.066666666667	81.9033333333333	859.966666666667	88.8	870.2	84.6633333333333	917.033333333333	87.46	8	"Violent"	"Hard"	0.917721969265794	0.948929519101451
81	0	0	1	0	0	0	1	1	0	0	0	0	0	4	"No"	"No"	4	1	0	481	16	2412	37	0	"Danielle Tobias"	"Yes"	5	6	4	2	1	3	5	7	6	6	1	1	4	1	2	3	5	3	1	1	2	7	2	1	7	7	7	6	5	3	4	19	5	NA	1	3.94	"No"	"No"	"M"	7	6	3	10	7	5	1005.83333333333	89.03	922.2	86.6866666666667	916.9	75.49	1000.83333333333	86.5633333333333	5	"Violent"	"Easy"	0.916851698425852	0.916136552872609
85	0	1	0	0	0	1	0	0	0	0	0	1	0	4	"No"	"No"	2	1	0	453	16	135	352	0	"Mallory Baldain"	"Yes"	5	5	3	4	1	3	4	7	4	5	1	1	7	2	1	5	6	1	1	2	2	6	1	2	4	3	6	5	5	4	5	19	5	NA	1	3.98	"No"	"No"	"M"	4	2	0	2	1	2	1007.73333333333	88.41	966.433333333333	86.64	931.766666666667	88.32	982.3	84.8733333333333	5	"Violent"	"Easy"	0.959016935697277	0.948556109810309
86	0	0	0	0	1	0	1	0	0	0	1	0	0	2	"Maybe"	"No"	2	2	1	305	9	1383	36	74	"Mallory Baldain"	"Yes"	9	7	1	7	1	1	7	7	7	7	1	1	3	1	7	7	7	1	1	2	7	7	1	4	5	5	7	7	7	7	7	18	5	NA	1	3.3	"No"	"No"	"M"	4	0	3	1	-4	2	918	85.1666666666667	864.4	89.3366666666667	881.166666666667	83.2466666666667	930.066666666667	89.2833333333333	9	"Violent"	"Hard"	0.94161220043573	0.947423123790409
87	0	0	1	0	0	0	0	0	0	0	0	1	0	2	"No"	"No"	4	3	0	362	12	2984	32	0	"JC"	"Yes"	6	2	4	4	2	4	4	5	4	4	4	4	4	2	3	4	3	2	2	3	2	3	2	1	2	2	5	5	4	3	2	19	3	NA	2	3.2	"No"	"No"	"M"	5	3	0	3	2	4	879.166666666667	88.0233333333333	819.433333333333	85.9166666666667	822.433333333333	87.0266666666667	888.166666666667	89	6	"Less Violent"	"Easy"	0.932056872037914	0.925989866766747
88	1	0	0	1	1	0	0	0	0	0	0	0	0	3	"No"	"No"	4	4	0	332	10	1803	48	75	"Danielle Tobias"	"Yes"	2	NA	NA	NA	NA	NA	NA	NA	NA	NA	NA	NA	NA	NA	NA	NA	NA	NA	NA	NA	NA	NA	NA	NA	NA	NA	NA	NA	NA	NA	NA	NA	NA	NA	NA	NA	NA	NA	NA	8	0	3	7	-4	2	879.9	86.59	863.866666666667	86.8333333333333	845.8	85.07	869.9	86.6	2	"Less Violent"	"Hard"	0.981778232374891	0.972295666168525
91	0	0	1	0	1	1	0	1	0	0	1	0	0	2	"Maybe"	"Maybe"	4	3	0	419	14	203	376	0	"Danielle Tobias"	"Yes"	6	5	3	5	2	2	4	6	3	4	2	2	2	1	3	5	5	2	2	3	3	6	3	3	4	2	6	5	5	5	5	19	5	NA	1	4	"No"	"No"	"M"	5	3	0	7	2	5	867.233333333333	87.48	890.566666666667	85.9633333333333	878.616666666667	89.2566666666667	853.333333333333	88.02	6	"Less Violent"	"Easy"	1.02690548487527	1.02962890625
93	0	0	1	0	0	0	1	0	0	0	0	0	0	4	"Maybe"	"Yes"	4	1	0	397	17	1022	173	0	"MN"	"Yes"	3	5	2	5	1	4	5	6	3	5	2	2	6	3	1	6	7	3	2	2	2	7	2	3	4	5	7	5	5	3	7	18	5	NA	1	3.2	"No"	"No"	"M"	5	1	3	6	2	5	831.233333333333	85.5166666666667	803.266666666667	76.39	808.366666666667	86.6866666666667	825.033333333333	87.7066666666667	3	"Violent"	"Easy"	0.966355215142159	0.979798796008243
94	0	0	0	0	1	0	0	0	0	0	1	0	0	4	"No"	"Maybe"	2	2	1	379	11	1275	148	70	"sc"	"Yes"	1	4	4	4	3	4	4	6	5	5	3	3	4	2	3	5	5	3	5	2	3	6	2	2	6	6	6	6	5	5	6	20	5	NA	3	2.6	"No"	"No"	"M"	-5	-8	-7	3	-5	-6	1012.5	81.5	939.4	86.54	900.333333333333	84.41	983.333333333333	79.0433333333333	1	"Violent"	"Hard"	0.927802469135802	0.915593220338983
95	0	1	0	0	0	0	0	1	0	0	0	0	0	1	"No"	"No"	4	3	0	337	11	0	334	0	"MN"	"Yes"	9	6	2	4	4	4	4	NA	NA	NA	NA	NA	NA	NA	NA	NA	NA	NA	NA	NA	NA	NA	NA	NA	NA	NA	NA	NA	NA	NA	NA	NA	NA	NA	NA	NA	"No"	"No"	NA	5	5	5	7	7	6	909.7	86.22	859	89.7766666666667	872	88.5066666666667	922.733333333333	83.2933333333333	9	"Less Violent"	"Easy"	0.944267340881609	0.945018423524312
97	1	1	0	0	0	1	0	0	0	0	0	0	0	1	"No"	"Yes"	4	1	0	285	9	659	130	0	"MN"	"Yes"	9	7	1	4	1	1	7	6	7	7	3	1	7	1	5	6	6	1	2	2	5	5	1	1	7	7	7	6	3	2	7	31	5	NA	1	3	"No"	"No"	"M"	3	-3	5	-2	-10	0	868.966666666667	85.87	846.466666666667	87.0233333333333	851.433333333333	89.1933333333333	871.366666666667	84.0966666666667	9	"Violent"	"Easy"	0.974107177106909	0.97712405799319
99	0	1	1	1	0	0	0	0	0	0	0	0	0	2	"No"	"Maybe"	2	3	0	399	13	407	443	0	"SC"	"Yes"	2	6	2	4	2	2	6	6	4	6	1	2	2	3	2	5	6	3	1	3	2	7	4	2	4	3	6	3	4	6	5	18	5	NA	1	3.9	"No"	"No"	"M"	5	-5	7	6	-7	0	884.466666666667	88.1866666666667	868.133333333333	84.4766666666667	889.333333333333	87.8333333333333	892.1	85.5233333333333	2	"Less Violent"	"Easy"	0.981533127308358	0.996898703433845
101	0	0	0	1	0	1	0	0	0	0	0	0	0	4	"No"	"Yes"	4	1	0	484	18	963	248	0	"Rachel Peterson"	"Yes"	3	5	3	3	3	3	5	7	6	6	5	1	3	1	5	5	5	3	3	1	1	7	1	2	7	5	6	3	7	7	7	19	5	NA	1	3.92	"No"	"No"	"M"	7	0	4	8	0	5	923.333333333333	88.64	918.066666666667	79.05	872.1	83.01	922.733333333333	87.7833333333333	3	"Violent"	"Easy"	0.994296028880867	0.945126797196735
102	1	0	0	1	1	1	0	0	0	0	0	0	0	2	"Maybe"	"No"	2	2	4	268	4	936	30	105	"Mallory"	"Yes"	9	2	4	2	2	2	2	6	1	2	2	2	5	2	2	2	4	4	3	3	3	5	2	4	2	2	5	4	3	1	2	18	5	NA	1	3.75	"Yes"	"Yes"	"M"	-10	-9	-9	-6	-3	-5	912.9	81.8566666666667	827.7	88.3633333333333	809.233333333333	87.9266666666667	895.566666666667	79.69	9	"Violent"	"Hard"	0.906671048307591	0.903599210927904
103	1	0	0	1	0	1	0	0	0	0	1	1	0	2	"No"	"Maybe"	4	3	0	353	22	578	252	0	"Danielle"	"Yes"	7	1	2	1	1	1	3	7	7	7	2	1	2	2	1	6	7	5	1	1	6	7	2	1	7	6	7	6	7	4	7	18	5	NA	1	3	"No"	"No"	"M"	7	5	10	9	8	8	941.5	88.24	856.3	88.6566666666667	866.6	88.52	935.4	87.8166666666667	7	"Less Violent"	"Easy"	0.909506107275624	0.926448578148386
104	1	1	0	0	0	1	0	0	1	1	0	1	0	4	"No"	"Yes"	2	4	2	207	4	641	63	45	"JC"	"Yes"	9	7	2	4	1	1	6	5	3	3	3	2	2	2	5	4	4	3	4	5	4	5	3	3	3	3	3	1	1	1	1	18	5	NA	1	3.6	"No"	"No"	"M"	1	-1	0	4	-5	-2	887.333333333333	88.45	776.566666666667	82.3833333333333	800.133333333333	83.9466666666667	919.766666666667	87.7333333333333	9	"Less Violent"	"Hard"	0.875169045830203	0.869930779545536
105	1	1	0	0	0	1	1	0	1	0	1	0	0	2	"Maybe"	"Yes"	4	1	0	591	22	1794	244	0	"Danielle"	"Yes"	6	7	1	4	1	1	7	7	7	7	1	1	7	1	1	5	7	1	2	1	1	1	1	6	6	3	7	7	7	5	7	19	5	NA	2	2.5	"No"	"No"	"M"	0	3	-5	3	-5	-7	930.5	88.9166666666667	883.3	85.5266666666667	880.966666666667	85.5766666666667	915.466666666667	88.2433333333333	6	"Violent"	"Easy"	0.949274583557227	0.962314302359452
106	0	0	1	0	0	0	1	0	0	0	0	0	0	4	"No"	"Maybe"	2	2	1	338	11	1311	106	69	"JC"	"Yes"	6	7	2	4	1	1	6	7	7	6	1	1	5	2	3	5	5	2	2	1	1	6	1	1	4	3	6	6	7	5	6	18	5	NA	1	3.9	"No"	"No"	"M"	8	8	5	10	3	7	946.766666666667	86.85	893.933333333333	85.38	902.033333333333	85.89	965.066666666667	88.5933333333333	6	"Violent"	"Hard"	0.944196035630039	0.934684995855208
107	0	0	1	0	0	1	0	0	0	0	0	0	0	2	"No"	"Yes"	2	3	0	343	11	1083	120	0	"Mallory"	"Yes"	6	4	5	4	3	3	4	7	4	5	1	1	2	1	1	4	5	1	1	1	1	6	1	1	5	5	7	6	7	5	7	18	5	NA	1	3.3	"No"	"No"	"M"	6	5	6	7	8	80	900.433333333333	84.8366666666667	829.1	79.79	837.2	74.74	890.233333333333	78.51	6	"Less Violent"	"Easy"	0.920778884240921	0.940427603250085
109	0	0	1	0	0	1	0	0	0	0	0	0	0	2	"No"	"No"	4	1	0	365	16	2333	0	0	"JC"	"Yes"	5	7	2	6	1	2	6	6	4	4	3	4	5	2	3	5	5	4	4	4	2	6	3	3	4	2	5	2	4	2	2	18	5	NA	1	3.65	"No"	"No"	"M"	6	5	5	6	5	5.5	887.033333333333	85.5833333333333	865.166666666667	88.9633333333333	858.333333333333	89.5566666666667	885.366666666667	89.4366666666667	5	"Violent"	"Easy"	0.975348540077412	0.969466511050035
110	0	0	0	0	1	1	1	0	0	0	0	0	0	2	"No"	"Maybe"	4	2	2	199	4	846	59	63	"Danielle"	"Yes"	5	2	2	4	2	4	4	5	5	5	3	3	3	2	5	5	5	3	3	5	3	5	2	5	5	5	6	6	5	5	7	20	2	NA	2	2.7	"No"	"No"	"M"	5	7	5	8	7	7	1018.33333333333	87.1333333333333	929.5	83.7833333333333	919.4	89.3966666666667	1012.23333333333	87.2266666666667	5	"Violent"	"Hard"	0.912765957446812	0.908288602759577
111	1	1	0	0	0	1	0	0	1	0	0	1	0	1	"No"	"No"	2	3	0	416	13	1468	146	0	"JH"	"Maybe"	1	4	1	1	1	1	7	7	1	1	1	1	1	3	1	4	5	5	5	2	1	7	2	1	1	1	7	6	3	4	5	18	5	NA	1	3.65	"No"	"No"	"M"	7	6	7	8	8	6	899.066666666667	83.7433333333333	874.433333333333	87.7733333333333	871.2	87.4566666666667	892.333333333333	85.07	1	"Less Violent"	"Easy"	0.97260121607593	0.976316772506538
113	1	0	0	0	1	1	0	0	0	0	1	0	0	2	"Maybe"	"Yes"	2	1	0	372	13	1581	59	0	"JH"	"Yes"	5	6	2	4	3	2	5	5	5	5	2	3	6	2	4	5	6	5	3	2	3	6	3	5	6	6	7	5	3	5	6	18	5	NA	1	3.5	"No"	"No"	"M"	3	5	7	8	8	7	861.133333333333	86.0466666666667	829.466666666667	87.5133333333333	831.033333333333	89.6766666666667	843.033333333333	81.5733333333333	5	"Violent"	"Easy"	0.96322675543857	0.985765687398679
118	0	0	1	1	0	0	0	0	0	0	1	0	0	2	"No"	"No"	2	2	2	214	6	1000	56	68	"SC"	"Maybe"	3	4	1	2	1	1	5	6	4	5	2	1	5	1	5	5	4	2	2	2	6	7	2	2	5	3	5	3	2	6	7	18	2	NA	1	3.1	"No"	"No"	"M"	9	-5	0	8	0	2.4	832.633333333333	81.0433333333333	850.266666666667	88.5633333333333	868.333333333333	86.8066666666667	857.133333333333	80.2133333333333	3	"Violent"	"Hard"	1.02117778934305	1.01306681185347
120	0	1	0	0	0	1	0	0	0	0	0	0	0	2	"Maybe"	"No"	2	4	6	280	4	925	117	126	"SC"	"Yes"	9	6	2	2	2	2	6	5	4	5	3	4	1	2	2	4	4	4	4	3	2	5	2	4	4	3	5	4	5	3	4	18	2	NA	1	4	"No"	"No"	"M"	5	5	6	4	2	6	910.333333333333	84.22	874.9	87.4466666666667	846.833333333333	83.9	899	86.6366666666667	9	"Less Violent"	"Hard"	0.96107652874405	0.941972562106043
121	0	0	0	1	0	0	0	0	0	0	0	1	0	1	"No"	"Yes"	4	1	0	479	16	683	193	0	"MN"	"Yes"	6	3	1	1	4	3	3	7	4	5	1	1	6	3	2	4	5	1	1	2	1	7	1	2	5	4	7	7	6	5	5	19	5	NA	1	3.2	"No"	"No"	"M"	9	6	8	9	4	7	882.666666666667	81.8133333333333	848.1	87.6133333333333	843.733333333333	87.6	895.2	83.9366666666667	6	"Violent"	"Easy"	0.96083836858006	0.94250819183795
122	0	0	0	0	1	0	0	0	0	0	1	1	0	4	"No"	"No"	2	2	1	291	9	1172	58	61	"Mallory"	"Yes"	4	4	4	4	4	4	4	7	5	6	1	1	5	1	3	6	7	2	3	2	3	6	3	2	6	7	7	7	7	7	7	19	3	NA	1	3	"No"	"No"	"M"	7	2	5	8	-5	5	977.066666666667	82.8433333333333	888.533333333333	86.28	900.266666666667	83.6233333333333	995.433333333333	85.36	4	"Violent"	"Hard"	0.909388646288209	0.904396745136122
123	1	1	1	0	0	1	0	0	1	0	0	0	0	2	"Yes"	"No"	4	3	0	404	14	1319	157	0	"JH"	"Yes"	5	5	2	1	1	2	5	7	5	4	1	1	2	1	3	7	7	3	1	1	1	7	1	1	5	6	6	5	7	7	7	18	5	NA	1	3.5	"No"	"No"	"M"	-1	-8	-7	0	-9	-7	935.2	85.5666666666667	953.2	85.3266666666667	931.333333333333	82.66	940.7	87.43	5	"Less Violent"	"Easy"	1.01924721984602	0.990042875872577
125	0	0	1	0	0	0	0	0	0	0	1	0	0	2	"No"	"No"	4	1	0	305	22	631	183	0	"JC"	"Yes"	8	4	2	4	1	2	4	7	6	5	1	1	4	2	2	7	6	2	1	2	2	6	1	4	6	5	5	4	3	4	5	18	2	NA	1	3.2	"No"	"No"	"M"	4	6	7	8	7	6	1051.73333333333	82.6266666666667	1062.46666666667	89.3166666666667	1046.1	87.8666666666667	1032.9	80.3133333333333	8	"Violent"	"Easy"	1.01020537525356	1.01277955271565
126	0	1	0	0	0	1	1	0	0	0	0	0	0	2	"No"	"Yes"	4	2	2	315	9	1244	110	68	"Danielle"	"Yes"	4	4	4	5	3	2	4	7	6	7	7	7	7	2	6	7	7	5	5	2	6	6	4	6	7	7	7	7	7	7	7	20	2	NA	2	3.3	"Yes"	"No"	"M"	5	8	8	7	7	7	1010.2	88.8866666666667	951	88.5333333333333	950.966666666667	84.75	1030.23333333333	88.8533333333333	4	"Violent"	"Hard"	0.941397743021184	0.9230595010839
127	0	0	0	0	1	1	0	1	0	0	0	0	0	1	"No"	"No"	2	3	0	572	19	3485	25	0	"JC"	"Yes"	4	2	4	4	1	4	4	7	3	5	1	1	2	1	1	4	7	1	1	1	1	7	1	2	4	2	7	7	7	6	7	20	5	NA	3	3.2	"No"	"No"	"M"	6	2	3	5	3	4	905.033333333333	87.7866666666667	846.133333333333	76.6766666666667	839.033333333333	77.1433333333333	926.366666666667	89.4833333333333	4	"Less Violent"	"Easy"	0.934919524142757	0.905724874959518
128	0	1	0	0	0	0	0	0	0	0	0	0	0	1	"No"	"Yes"	4	4	4	232	3	1043	47	86	"Danielle"	"Yes"	9	7	1	5	1	1	5	3	4	5	6	3	1	5	5	4	4	4	5	5	5	3	3	6	5	2	3	1	3	1	1	19	5	NA	1	3.6	"No"	"No"	"M"	-2	-5	-4	5	5	2	903.766666666667	88.3333333333333	924.733333333333	81.6866666666667	891.133333333333	86.7766666666667	859.633333333333	84.2833333333333	9	"Less Violent"	"Hard"	1.02319920333419	1.03664353018729
130	0	0	0	0	1	0	0	0	0	0	1	0	0	2	"Maybe"	"Yes"	2	2	0	345	11	937	133	53	"SC"	"Yes"	9	6	2	4	1	2	6	7	6	6	5	5	7	2	5	5	6	3	2	1	5	7	2	1	7	5	6	6	7	5	7	19	5	NA	1	3	"No"	"No"	"M"	7	3	3	6	5	5	923.433333333333	81.5333333333333	832.433333333333	89.0833333333333	848.5	88.8066666666667	929.733333333333	82.3833333333333	9	"Violent"	"Hard"	0.90145471609573	0.912627276638463
131	0	0	0	1	0	0	0	0	0	0	1	0	0	3	"No"	"Maybe"	4	3	0	472	16	1022	280	0	"MN"	"Maybe"	1	4	4	5	3	4	5	7	2	3	2	2	1	2	2	4	3	2	1	2	1	5	2	4	3	3	6	6	6	4	4	18	5	NA	1	3	"No"	"No"	"M"	NA	NA	NA	NA	NA	NA	902.5	86.05	884.3	85.1125	874.7	87.2025	903.725	87.49	1	"Less Violent"	"Easy"	0.97983379501385	0.967882928988354
132	0	1	1	0	0	0	0	1	0	1	1	1	0	4	"No"	"No"	2	4	0	476	15	1674	158	55	"SC"	"Yes"	6	4	4	4	1	7	4	7	7	7	1	1	2	1	5	7	7	1	1	1	5	7	2	1	7	7	7	7	7	7	7	18	5	NA	1	4	"No"	"No"	"M"	5	2	6	7	8	6.5	865.025	78.4975	866.25	87.395	870.025	87.145	880.2	86.6625	6	"Less Violent"	"Hard"	1.00141614404208	0.988440127243808
134	0	1	1	0	0	0	0	0	0	0	1	1	0	3	"Maybe"	"No"	2	2	1	234	9	973	103	74	"SC"	"Maybe"	3	6	1	4	1	1	6	7	5	6	2	1	5	1	5	6	6	5	5	3	2	6	1	4	6	5	5	5	4	3	5	19	5	NA	2	3	"No"	"No"	"M"	5	-3	5	4	4	4	997.266666666667	84.5166666666667	908.9	86.7933333333333	923.433333333333	89.2333333333333	998.733333333333	82	3	"Violent"	"Hard"	0.911391135771107	0.924604499032107
135	0	0	1	0	0	1	0	1	0	0	0	0	0	1	"No"	"Yes"	4	3	0	116	22	190	72	0	"MN"	"Yes"	9	6	1	5	1	1	6	6	3	4	2	5	2	4	3	5	7	2	1	2	2	6	6	5	3	2	7	7	2	6	7	18	2	NA	1	3.8	"No"	"No"	"M"	NA	NA	NA	NA	NA	NA	1042.86666666667	88.8666666666667	988.566666666667	83.6533333333333	987.1	89.1833333333333	1045	82.2066666666667	9	"Less Violent"	"Easy"	0.947931982356323	0.944593301435407
136	0	0	1	0	0	1	0	0	0	0	0	0	0	2	"No"	"Maybe"	4	4	3	272	6	1201	63	57	"Rachel Peterson"	"Yes"	7	4	4	5	3	4	5	6	4	5	2	3	2	2	4	4	4	3	4	5	4	5	2	2	4	2	5	5	2	6	6	19	5	NA	2	2.2	"No"	"No"	"M"	5	-2	2	5	0	4	855.9	84.5466666666667	815.466666666667	85.85	823.666666666667	89.7666666666667	862.1	85.3466666666667	7	"Less Violent"	"Hard"	0.95275927873194	0.955418938251557
137	1	0	1	0	1	1	0	0	0	0	0	1	0	4	"No"	"No"	2	1	0	421	16	791	239	0	"Mallory"	"Yes"	7	6	3	5	1	3	5	7	7	6	1	1	6	1	2	6	7	1	1	1	1	7	1	2	6	6	6	6	5	6	6	19	5	NA	1	3.97	"No"	"No"	"M"	3	-1	0	1	1	3	900.533333333333	86.0533333333333	860.4	83.49	841.566666666667	84.2866666666667	879.533333333333	84.9	7	"Violent"	"Easy"	0.955433816997335	0.956833169104829
140	1	1	0	0	0	1	1	0	0	0	0	1	0	3	"Maybe"	"No"	2	4	14	304	11	1043	60	150	"JC"	"Maybe"	1	4	4	5	3	4	5	5	3	3	4	2	2	2	5	4	4	3	5	3	2	3	2	3	2	5	6	5	3	3	5	19	5	NA	2	3	"No"	"No"	"M"	NA	NA	NA	NA	NA	NA	822	81.8766666666667	792.2	72.0033333333333	798.9	74.01	825.433333333333	86.64	1	"Less Violent"	"Hard"	0.96374695863747	0.967855267940072
141	0	0	0	0	1	1	0	1	0	0	1	1	0	3	"No"	"No"	4	1	0	440	15	1323	167	0	"Danielle"	"Yes"	7	3	3	2	1	3	2	7	4	4	1	1	4	1	1	4	5	2	1	3	3	6	1	2	5	5	7	6	3	2	5	18	5	NA	1	3.7	"No"	"No"	"M"	8	6	8	10	8	7	859.7	89.49	815.366666666667	80.5866666666667	849.133333333333	75.9366666666667	832.733333333333	88.28	7	"Violent"	"Easy"	0.948431623434532	1.01969417980946
142	1	0	0	0	1	1	0	0	0	0	1	1	0	1	"Maybe"	"Yes"	2	2	4	290	6	1203	87	87	"JC"	"Yes"	6	NA	NA	NA	NA	NA	NA	NA	NA	NA	NA	NA	NA	NA	NA	NA	NA	NA	NA	NA	NA	NA	NA	NA	NA	NA	NA	NA	NA	NA	NA	NA	NA	NA	NA	NA	NA	NA	NA	NA	NA	NA	NA	NA	NA	828.1	89.0766666666667	802.3	83.44	812.366666666667	83.4866666666667	851.366666666667	85.2866666666667	6	"Violent"	"Hard"	0.968844342470716	0.954191300262323
143	0	0	0	1	0	0	0	0	0	0	0	1	0	4	"No"	"No"	2	3	0	522	17	924	274	0	"Mallory"	"Maybe"	1	NA	NA	NA	NA	NA	NA	NA	NA	NA	NA	NA	NA	NA	NA	NA	NA	NA	NA	NA	NA	NA	NA	NA	NA	NA	NA	NA	NA	NA	NA	NA	NA	NA	NA	NA	NA	NA	NA	4	4	1	3	5	5	938.933333333333	87.62	875.766666666667	84.4766666666667	871.966666666667	82.11	928.133333333333	89.0966666666667	1	"Less Violent"	"Easy"	0.932725078102812	0.939484269501509
144	1	1	1	1	1	1	0	1	0	0	1	1	0	1	"No"	"No"	4	4	0	295	9	1131	70	36	"JC"	"Yes"	9	NA	NA	NA	NA	NA	NA	NA	NA	NA	NA	NA	NA	NA	NA	NA	NA	NA	NA	NA	NA	NA	NA	NA	NA	NA	NA	NA	NA	NA	NA	NA	NA	NA	NA	NA	NA	NA	NA	9	5	7	10	9	8	877.1	89.4133333333333	836.033333333333	84.37	835.7	78.93	859.3	81.46	9	"Less Violent"	"Hard"	0.953179036977919	0.972535784941231
145	0	1	0	1	0	1	0	0	0	0	1	0	0	2	"No"	"Yes"	4	1	0	548	21	220	363	0	"JC"	"Yes"	9	NA	NA	NA	NA	NA	NA	NA	NA	NA	NA	NA	NA	NA	NA	NA	NA	NA	NA	NA	NA	NA	NA	NA	NA	NA	NA	NA	NA	NA	NA	NA	NA	NA	NA	NA	NA	NA	NA	7	4	6	8	4	6	870.133333333333	82.88	881.433333333333	89.1766666666667	862.333333333333	87.8266666666667	888.666666666667	80.35	9	"Violent"	"Easy"	1.01298651547656	0.970367591897974
146	1	0	1	0	1	1	1	0	0	0	1	1	0	3	"Maybe"	"Yes"	4	2	2	283	8	1071	104	82	"Danielle"	"Yes"	9	NA	NA	NA	NA	NA	NA	NA	NA	NA	NA	NA	NA	NA	NA	NA	NA	NA	NA	NA	NA	NA	NA	NA	NA	NA	NA	NA	NA	NA	NA	NA	NA	NA	NA	NA	NA	NA	NA	6	6	5	6	6	5	909.033333333333	82.3233333333333	873.866666666667	88.9233333333333	880.1	89.22	914.033333333333	88.4766666666667	9	"Violent"	"Hard"	0.96131421656705	0.962875168666351
148	1	1	0	0	1	1	1	1	0	0	1	0	0	4	"No"	"No"	4	4	0	364	12	1889	41	65	"Danielle"	"Maybe"	6	NA	NA	NA	NA	NA	NA	NA	NA	NA	NA	NA	NA	NA	NA	NA	NA	NA	NA	NA	NA	NA	NA	NA	NA	NA	NA	NA	NA	NA	NA	NA	NA	NA	NA	NA	NA	NA	NA	0	3	5	8	8	6	876.45	88.875	864.15	76.5	NA	79.3175	877.1	88.445	6	"Less Violent"	"Hard"	0.985966113297963	NA
151	0	0	0	0	1	1	0	0	0	0	0	0	0	1	"Yes"	"Yes"	2	3	0	453	16	476	342	0	"MB"	"Yes"	1	NA	NA	NA	NA	NA	NA	NA	NA	NA	NA	NA	NA	NA	NA	NA	NA	NA	NA	NA	NA	NA	NA	NA	NA	NA	NA	NA	NA	NA	NA	NA	NA	NA	NA	NA	NA	NA	NA	7	0	8	10	8	7	881.6	85.63	849.725	82.0825	853.6	81.11	874.05	86.08	1	"Less Violent"	"Easy"	0.963844147005445	0.976603169155083
153	0	0	1	1	1	1	1	0	0	1	1	1	0	1	"No"	"Yes"	4	1	0	347	22	355	293	0	"RP"	"Yes"	9	NA	NA	NA	NA	NA	NA	NA	NA	NA	NA	NA	NA	NA	NA	NA	NA	NA	NA	NA	NA	NA	NA	NA	NA	NA	NA	NA	NA	NA	NA	NA	NA	NA	NA	NA	NA	NA	NA	2	2	0	5	-3	2	964.5	85.5966666666667	891.066666666667	89.2933333333333	880.966666666667	82.2833333333333	936.8	87.69	9	"Violent"	"Easy"	0.92386383272853	0.940399943068603
156	0	1	1	0	0	1	0	0	0	0	0	1	0	1	"Maybe"	"Yes"	2	4	0	434	14	1354	203	100	"JC"	"Yes"	9	NA	NA	NA	NA	NA	NA	NA	NA	NA	NA	NA	NA	NA	NA	NA	NA	NA	NA	NA	NA	NA	NA	NA	NA	NA	NA	NA	NA	NA	NA	NA	NA	NA	NA	NA	NA	NA	NA	3	0	3	8	1	5	828.3	85.48	817.233333333333	88.9266666666667	816.4	89.23	814.666666666667	88.36	9	"Less Violent"	"Hard"	0.986639301380337	1.00212765957447
157	0	1	1	0	1	1	1	0	0	0	0	0	0	2	"Maybe"	"Yes"	4	1	0	531	18	0	414	0	"DT"	"Yes"	9	NA	NA	NA	NA	NA	NA	NA	NA	NA	NA	NA	NA	NA	NA	NA	NA	NA	NA	NA	NA	NA	NA	NA	NA	NA	NA	NA	NA	NA	NA	NA	NA	NA	NA	NA	NA	NA	NA	9	4	7	7	4	6	936.5	87.5966666666667	887.766666666667	78.85	858.766666666667	83.7633333333333	890.033333333333	89.5466666666667	9	"Violent"	"Easy"	0.947962270866703	0.964870229579417
159	0	0	1	0	0	0	0	1	0	0	0	1	0	2	"No"	"No"	2	3	0	420	15	1093	210	0	"JC"	"Yes"	6	NA	NA	NA	NA	NA	NA	NA	NA	NA	NA	NA	NA	NA	NA	NA	NA	NA	NA	NA	NA	NA	NA	NA	NA	NA	NA	NA	NA	NA	NA	NA	NA	NA	NA	NA	NA	NA	NA	3	1	2	6	2	3	899.4	88.3233333333333	898.066666666667	89.32	882.7	83.67	898.933333333333	87.45	6	"Less Violent"	"Easy"	0.998517530205322	0.981941560367844
161	0	0	0	0	1	0	0	0	0	0	1	0	0	4	"No"	"No"	2	1	0	324	11	350	218	0	"JC"	"Yes"	5	NA	NA	NA	NA	NA	NA	NA	NA	NA	NA	NA	NA	NA	NA	NA	NA	NA	NA	NA	NA	NA	NA	NA	NA	NA	NA	NA	NA	NA	NA	NA	NA	NA	NA	NA	NA	NA	NA	2	0	1	6	6	4	894.233333333333	84.6966666666667	850.033333333333	85.2233333333333	859.866666666667	76.5666666666667	875.466666666667	85.46	5	"Violent"	"Easy"	0.950572184739255	0.982180932074322
162	1	0	0	1	0	1	1	0	0	0	1	1	0	5	"No"	"No"	2	2	1	333	14	1430	78	104	"JC"	"Maybe"	5	NA	NA	NA	NA	NA	NA	NA	NA	NA	NA	NA	NA	NA	NA	NA	NA	NA	NA	NA	NA	NA	NA	NA	NA	NA	NA	NA	NA	NA	NA	NA	NA	NA	NA	NA	NA	NA	NA	6	-4	4	10	2	4	757.766666666667	89.2666666666667	685.2	81.36	705.1	88.9966666666667	759.633333333333	83.6733333333333	5	"Violent"	"Hard"	0.904236132494611	0.928210978981088
163	1	1	0	0	0	1	0	0	0	0	0	0	0	3	"No"	"Yes"	4	3	0	360	12	333	293	0	"JH"	"Yes"	9	NA	NA	NA	NA	NA	NA	NA	NA	NA	NA	NA	NA	NA	NA	NA	NA	NA	NA	NA	NA	NA	NA	NA	NA	NA	NA	NA	NA	NA	NA	NA	NA	NA	NA	NA	NA	NA	NA	-5	8	0	8	-3	0	825.966666666667	85.74	833.8	85.3466666666667	856	88.6666666666667	801.433333333333	83.7666666666667	9	"Less Violent"	"Easy"	1.00948383712014	1.06808634529801
164	0	1	0	0	1	0	1	0	0	0	1	1	0	2	"Yes"	"Yes"	2	4	1	257	7	1202	74	55	"SC"	"Yes"	4	NA	NA	NA	NA	NA	NA	NA	NA	NA	NA	NA	NA	NA	NA	NA	NA	NA	NA	NA	NA	NA	NA	NA	NA	NA	NA	NA	NA	NA	NA	NA	NA	NA	NA	NA	NA	NA	NA	6	-4	5	6	5	4	911.066666666667	77.75	835.866666666667	88.7666666666667	823.333333333333	89.6266666666667	901.4	80.5233333333333	4	"Less Violent"	"Hard"	0.917459388262842	0.913393979735226
166	NA	NA	NA	NA	NA	NA	NA	NA	NA	NA	NA	NA	NA	NA	NA	NA	2	2	0	295	9	1208	104	67	"SC"	"Yes"	3	NA	NA	NA	NA	NA	NA	NA	NA	NA	NA	NA	NA	NA	NA	NA	NA	NA	NA	NA	NA	NA	NA	NA	NA	NA	NA	NA	NA	NA	NA	NA	NA	NA	NA	NA	NA	NA	NA	4	-2	5	5	-5	3	829.266666666667	84.6733333333333	810.133333333333	84.9733333333333	800.766666666667	83.98	822.7	83.6966666666667	3	"Violent"	"Hard"	0.97692740574001	0.973339816052834
171	0	0	1	0	0	1	1	0	0	1	1	1	0	3	"No"	"Yes"	4	3	0	528	17	2318	127	0	"DT"	"Yes"	5	NA	NA	NA	NA	NA	NA	NA	NA	NA	NA	NA	NA	NA	NA	NA	NA	NA	NA	NA	NA	NA	NA	NA	NA	NA	NA	NA	NA	NA	NA	NA	NA	NA	NA	NA	NA	NA	NA	7	7	8	7	5	7	919.966666666667	87.9866666666667	896.633333333333	80.26	864.3	81.3033333333333	909.233333333333	88.6766666666667	5	"Less Violent"	"Easy"	0.974636762201528	0.950581075631485
172	0	0	1	0	0	0	1	0	0	0	0	0	0	1	"No"	"Maybe"	2	4	7	309	3	1430	35	138	"MB"	"Yes"	5	NA	NA	NA	NA	NA	NA	NA	NA	NA	NA	NA	NA	NA	NA	NA	NA	NA	NA	NA	NA	NA	NA	NA	NA	NA	NA	NA	NA	NA	NA	NA	NA	NA	NA	NA	NA	NA	NA	9	9	8	8	7	8	914.033333333333	84.4366666666667	851.766666666667	89.3966666666667	849.6	87.8433333333333	908.833333333333	82.7966666666667	5	"Less Violent"	"Hard"	0.931877028554758	0.934824867045663
173	0	1	0	0	0	1	0	0	0	0	0	0	0	2	"No"	"No"	4	1	0	521	18	3276	13	0	"JC"	"Yes"	5	NA	NA	NA	NA	NA	NA	NA	NA	NA	NA	NA	NA	NA	NA	NA	NA	NA	NA	NA	NA	NA	NA	NA	NA	NA	NA	NA	NA	NA	NA	NA	NA	NA	NA	NA	NA	NA	NA	5	4	5	7	5	5	840.033333333333	87.68	819.833333333333	79.0966666666667	832.166666666667	81.3533333333333	852.633333333333	86.1233333333333	5	"Violent"	"Easy"	0.975953335185112	0.975995934164745
174	0	0	1	0	0	1	0	0	0	0	1	0	0	1	"No"	"No"	2	2	5	251	3	1146	33	99	"MB"	"Yes"	7	NA	NA	NA	NA	NA	NA	NA	NA	NA	NA	NA	NA	NA	NA	NA	NA	NA	NA	NA	NA	NA	NA	NA	NA	NA	NA	NA	NA	NA	NA	NA	NA	NA	NA	NA	NA	NA	NA	7	7	6	7	8	7	901.3	82.8033333333333	873.3	87.8566666666667	852.366666666667	88.46	900.1	82.81	7	"Violent"	"Hard"	0.968933762343282	0.946968855312373
175	0	0	0	1	0	0	1	0	0	0	0	0	0	3	"Maybe"	"Maybe"	4	3	0	364	12	725	185	0	"JC"	"Yes"	6	NA	NA	NA	NA	NA	NA	NA	NA	NA	NA	NA	NA	NA	NA	NA	NA	NA	NA	NA	NA	NA	NA	NA	NA	NA	NA	NA	NA	NA	NA	NA	NA	NA	NA	NA	NA	NA	NA	0	-1	-2	7	4	4	941.4	87.32	901.7	85.5466666666667	862.233333333333	86.9166666666667	911.766666666667	89.14	6	"Less Violent"	"Easy"	0.957828765668154	0.945673235111322
179	0	0	0	1	1	1	1	0	0	0	0	1	0	2	"No"	"No"	4	3	0	539	17	1849	174	0	"DT"	"Yes"	3	NA	NA	NA	NA	NA	NA	NA	NA	NA	NA	NA	NA	NA	NA	NA	NA	NA	NA	NA	NA	NA	NA	NA	NA	NA	NA	NA	NA	NA	NA	NA	NA	NA	NA	NA	NA	NA	NA	-6	2	5	10	4	3	880.233333333333	81.5933333333333	817.5	83.16	799.033333333333	89.4966666666667	872.933333333333	81.8133333333333	3	"Less Violent"	"Easy"	0.928731018290605	0.915342905147396
180	0	1	1	0	0	0	0	1	0	0	1	0	0	2	"No"	"No"	2	4	1	396	16	1936	41	67	"JC"	"Yes"	7	NA	NA	NA	NA	NA	NA	NA	NA	NA	NA	NA	NA	NA	NA	NA	NA	NA	NA	NA	NA	NA	NA	NA	NA	NA	NA	NA	NA	NA	NA	NA	NA	NA	NA	NA	NA	NA	NA	2	0	2	7	6	4	918.2	81.3566666666667	927.033333333333	89.3833333333333	925.366666666667	82.91	889.6	78.59	7	"Less Violent"	"Hard"	1.00962027154578	1.04020533573142
183	0	1	0	0	0	0	0	0	0	0	0	1	0	2	"Yes"	"No"	4	3	0	309	22	1570	83	0	"RP"	"Yes"	9	5	4	5	1	2	2	7	1	2	1	1	2	7	1	4	3	5	1	1	1	7	1	4	5	2	5	5	5	5	6	20	5	NA	2	2.4	"No"	"No"	"M"	-1	-1	1	4	-1	2	897.2	88.8666666666667	888.4	83.67	882.13	78.93	900.5	84.9433333333333	9	"Less Violent"	"Easy"	0.990191707534552	0.979600222098834
184	0	1	0	0	0	0	0	0	0	0	0	1	0	2	"No"	"Maybe"	4	4	8	425	11	1231	161	140	"RP"	"Maybe"	9	7	1	5	1	1	7	7	6	7	5	4	5	5	6	4	6	5	5	2	5	7	5	2	7	2	7	7	7	5	7	19	2	NA	1	2.8	"No"	"No"	"M"	4	9	3	10	3	6	936.333333333333	82.3966666666667	904.566666666667	81.8	898.066666666667	78.5033333333333	945.6	87.05	9	"Less Violent"	"Hard"	0.966073335706658	0.94973209249859
187	0	0	1	0	0	1	0	0	0	0	0	0	0	4	"No"	"Yes"	4	3	0	318	10	0	366	0	"RP"	"Yes"	9	6	1	7	1	1	7	7	3	6	1	1	1	1	2	5	5	3	2	1	1	7	1	1	2	1	7	7	7	3	3	19	5	NA	2	3.2	"No"	"No"	"M"	5	3	0	6	-5	3	912.833333333333	79.7166666666667	952.5	83.9633333333333	931.833333333333	88.9533333333333	905.766666666667	83.7266666666667	9	"Less Violent"	"Easy"	1.04345444586452	1.02877856695985
189	0	0	1	0	0	1	0	0	0	1	1	0	0	3	"No"	"No"	2	1	0	335	10	379	265	0	"JC"	"Yes"	9	7	4	5	1	5	5	7	6	7	1	1	7	1	1	7	7	1	1	1	1	7	1	1	7	4	7	7	5	2	7	19	2	NA	1	3.197	"No"	"No"	"M"	10	10	10	10	10	10	952.6	88.7766666666667	942.866666666667	86.11	947.6	88.7733333333333	919.1	84.4	9	"Violent"	"Easy"	0.989782350059487	1.03100859536503
190	0	0	0	0	1	0	0	1	0	0	1	1	0	3	"Maybe"	"No"	2	2	0	237	8	930	99	31	"JC"	"Maybe"	2	1	7	1	4	4	1	7	4	4	1	1	4	1	1	4	7	1	1	1	2	7	2	1	1	1	2	1	6	1	2	19	5	NA	1	3.5	"No"	"No"	"M"	10	8	8	8	8	9	839.066666666667	81.1633333333333	872.033333333333	83.1033333333333	847	84.4433333333333	830.233333333333	82.78	2	"Violent"	"Hard"	1.03928968695376	1.02019512586823
191	0	0	1	0	0	1	0	0	0	0	1	1	0	4	"No"	"No"	2	3	0	442	15	2057	138	0	"JC"	"Yes"	4	1	4	4	5	2	3	7	5	3	1	2	3	3	2	6	6	2	1	2	2	7	1	2	5	5	6	6	5	5	6	19	5	NA	1	3.85	"No"	"No"	"M"	4	-5	2	6	-1	3	917.666666666667	89.85	847	85.4633333333333	849.633333333333	81.8333333333333	894.5	87.0966666666667	4	"Less Violent"	"Easy"	0.922993098438067	0.949841624743804
192	0	1	0	0	0	0	0	0	0	0	0	0	1	4	"No"	"No"	4	4	1	432	10	1413	138	73	"HG"	"Yes"	3	5	4	4	1	3	6	7	4	5	5	2	2	3	4	4	6	3	2	3	5	6	1	5	5	4	7	7	7	5	5	18	5	NA	1	3	"No"	"No"	"M"	3	2	4	5	3	5	812.8	84.4666666666667	817.233333333333	86.8666666666667	813.2	88.87	809.333333333333	85.37	3	"Less Violent"	"Hard"	1.00545439632546	1.00477759472817
193	0	0	0	0	1	0	0	1	1	0	0	0	0	4	"Maybe"	"No"	2	1	0	410	14	1865	86	0	"MB"	"Yes"	4	3	3	3	2	2	4	7	3	5	1	1	7	1	1	6	6	1	1	1	1	7	1	5	5	2	5	5	2	2	5	18	5	NA	1	3.5	"No"	"No"	"M"	2	-5	4	6	1	2	905.4	85.59	869.366666666667	88.4633333333333	886.2	85.1466666666667	916.066666666667	79.6266666666667	4	"Violent"	"Easy"	0.960201752448274	0.967396841569027
197	1	0	1	1	0	1	1	0	0	0	0	1	0	2	"Maybe"	"No"	4	1	0	460	15	234	353	0	"AM"	"Yes"	2	4	3	1	5	4	5	7	4	4	1	1	5	1	3	5	3	1	2	3	2	6	4	6	5	4	7	6	7	4	5	20	6	NA	2	3	"No"	"No"	"M"	NA	NA	NA	NA	NA	NA	886.2	83.0433333333333	880.066666666667	89.3266666666667	885.133333333333	87.6066666666667	875.833333333333	79.7233333333333	2	"Violent"	"Easy"	0.993079064169112	1.01061845861085
199	0	0	0	1	0	0	0	0	0	0	0	1	0	5	"Maybe"	"Maybe"	4	2	0	356	11	1110	136	62	"AM"	"Maybe"	4	5	3	4	1	2	5	6	6	6	5	2	4	1	6	6	5	3	5	1	4	7	2	2	6	3	5	4	5	4	6	18	5	NA	1	3.85	"Yes"	"Yes"	"M"	5	0	3	4	-1	2	883.7	89.5433333333333	849.7	84.2133333333333	837.766666666667	89.1133333333333	868.8	89.0133333333333	4	"Violent"	"Hard"	0.961525404549055	0.964280233271946
201	0	1	0	0	0	0	0	0	1	0	0	0	0	4	"No"	"No"	2	1	0	351	12	1041	144	0	"RP"	"Yes"	5	6	2	4	1	2	6	7	4	5	1	1	5	1	5	6	5	2	1	1	2	6	1	6	5	4	6	5	7	3	4	19	5	NA	3	3.78	"No"	"No"	"M"	6	1	7	8	-5	-2	855.966666666667	87.8366666666667	839.9	82.6366666666667	854.133333333333	89.55	858.833333333333	88.04	5	"Violent"	"Easy"	0.981229798668172	0.994527459732195
204	0	0	0	0	1	0	1	0	0	0	1	1	0	3	"No"	"Yes"	4	4	0	323	10	941	128	31	"RP"	"Maybe"	9	6	2	6	1	1	6	7	6	7	5	3	1	1	2	6	6	2	5	2	2	7	2	1	7	6	6	6	6	5	6	21	6	NA	3	2.2	"No"	"No"	"M"	2	3	5	6	-2	1	858.766666666667	85.1666666666667	775.933333333333	82.3433333333333	805.833333333333	88.01	863.066666666667	87.2333333333333	9	"Less Violent"	"Hard"	0.903543841943872	0.933686080642669
205	0	1	0	0	0	1	0	0	0	0	0	0	0	1	"No"	"Maybe"	4	1	0	320	13	933	147	0	"RP"	"Yes"	9	4	3	7	1	1	5	5	6	7	6	1	7	3	5	7	7	3	5	6	7	7	1	7	7	2	3	5	7	4	4	18	2	NA	1	2.8	"No"	"No"	"M"	7	8	7	9	7	7	1103.43333333333	87.5933333333333	947.966666666667	75.3966666666667	960.733333333333	78.4733333333333	1072.73333333333	84.8233333333333	9	"Violent"	"Easy"	0.859106425399514	0.895593810204465
206	1	1	0	0	0	1	0	0	0	0	0	1	0	1	"Maybe"	"No"	2	2	8	188	4	867	63	126	"JC"	"Yes"	7	4	2	5	1	1	4	2	3	4	7	7	7	5	7	3	3	7	7	5	3	3	5	5	3	1	1	2	3	1	4	19	2	NA	2	2.8	"No"	"No"	"M"	3	-8	1	5	2	0	965.6	88.07	953.4	87.8566666666667	985.4	89.3033333333333	990.066666666667	85.2466666666667	7	"Violent"	"Hard"	0.987365368682684	0.995286512692748
207	0	1	0	0	0	0	0	0	0	0	0	1	0	2	"No"	"No"	2	3	0	433	14	2396	84	0	"JC"	"Maybe"	9	4	1	7	1	1	7	7	4	4	4	4	1	1	1	4	7	1	1	1	2	7	1	1	3	5	7	7	7	3	5	20	5	NA	2	3.2	"No"	"No"	"F"	10	0	10	10	5	6	943	84.9433333333333	915	89.7733333333333	908.033333333333	89.7	949.333333333333	86.34	9	"Less Violent"	"Easy"	0.970307529162248	0.956495786516854
209	0	0	0	0	1	1	0	1	0	0	1	0	0	4	"Yes"	"Yes"	2	1	0	488	22	1780	202	0	"MB"	"Yes"	9	5	5	2	1	1	6	5	4	5	1	1	5	2	6	6	6	2	2	3	2	6	1	5	4	5	6	4	2	1	5	19	5	NA	1	4	"Yes"	"Yes"	"M"	0	-10	3	9	-7	-5	929.266666666667	88.54	883	89.6333333333333	848.666666666667	89.5733333333333	933.166666666667	83.58	9	"Violent"	"Easy"	0.950211636415811	0.909448115734953
210	1	1	0	0	1	0	1	0	0	0	1	1	0	4	"No"	"No"	4	2	1	335	9	1247	130	74	"DT"	"Yes"	8	1	6	3	1	2	7	1	2	1	1	1	6	2	5	7	7	1	1	1	2	6	1	5	6	6	7	7	6	3	6	19	5	NA	1	3.5	"Yes"	"No"	"M"	5	-2	7	7	3	5	907.733333333333	83.57	879.166666666667	88.0666666666667	866.766666666667	86.39	878.633333333333	76.97	8	"Violent"	"Hard"	0.968529670975324	0.986494176562086
211	0	1	0	0	0	0	0	0	0	0	1	0	0	2	"No"	"No"	4	3	0	375	12	295	313	0	"RP"	"Maybe"	9	7	1	7	1	1	7	7	3	6	1	1	1	1	2	3	3	5	1	1	1	7	2	1	5	1	7	7	7	7	7	19	2	NA	1	3.2	"No"	"No"	"M"	-6	-8	-7	2	3	-2	883.066666666667	86.2466666666667	867.333333333333	83.2666666666667	893.9	82.2166666666667	890.133333333333	89.03	9	"Less Violent"	"Easy"	0.982183300619054	1.00423157579389
212	1	1	0	1	0	0	1	0	0	0	1	0	0	4	"No"	"Yes"	2	4	0	372	12	1416	112	45	"JC"	"Yes"	9	7	1	7	1	1	7	7	5	5	5	1	1	1	1	5	5	3	5	2	3	6	2	1	4	5	7	7	7	7	7	18	5	NA	1	3.62	"No"	"No"	"M"	5	2	4	6	3	4	790.466666666667	88.9566666666667	774.466666666667	88.0033333333333	781.8	89	797.2	84.5966666666667	9	"Less Violent"	"Hard"	0.979758792274606	0.980682388359257
213	1	0	0	1	0	0	1	0	0	0	1	0	0	4	"Maybe"	"No"	2	2	0	373	12	1617	85	87	"HG"	"Yes"	6	3	6	3	5	5	4	7	7	7	3	1	6	1	6	4	6	2	3	1	2	7	3	4	7	6	7	7	7	7	7	19	5	NA	3	2.7	"No"	"No"	"M"	4	7	5	6	8	6	890.733333333333	89.2933333333333	847.366666666667	86.7766666666667	852.4	78.7466666666667	892.9	88.6933333333333	6	"Violent"	"Hard"	0.951313524436794	0.954642177175496
214	0	0	1	0	0	1	0	0	0	0	0	0	0	3	"No"	"No"	4	2	2	380	10	1675	103	89	"RP"	"Yes"	9	2	4	2	1	1	7	7	5	5	6	2	7	2	5	5	6	2	4	1	5	7	3	3	5	6	7	5	6	7	7	19	1	NA	1	3.275	"Yes"	"Yes"	"M"	3	0	0	7	4	2	817.533333333333	87.1166666666667	779.433333333333	85.8	766.8	83.16	777.833333333333	83.18	9	"Violent"	"Hard"	0.953396395661747	0.985815298907221
215	0	0	0	0	1	1	0	0	0	0	0	0	0	2	"Maybe"	"No"	2	3	0	91	22	382	27	0	"JC"	"Maybe"	4	2	4	2	4	2	3	7	2	2	1	2	1	1	1	1	1	1	1	1	1	3	1	1	1	1	7	5	5	2	4	18	5	NA	1	3.34	"Yes"	"Yes"	"M"	3	4	2	5	2	4	934.3	88.65	899.266666666667	84.8933333333333	881	88.46	928.166666666667	85.0533333333333	4	"Less Violent"	"Easy"	0.962503121766742	0.949182977195187
218	1	1	1	0	0	1	0	1	0	0	1	0	0	3	"No"	"No"	4	2	2	460	15	1644	159	93	"DT"	"Yes"	7	7	1	7	1	1	7	7	6	7	5	5	6	1	5	4	3	5	6	1	4	7	4	3	6	3	7	7	7	5	6	18	5	NA	1	3.3	"No"	"No"	"M"	-2	5	-1	7	-1	1	847.833333333333	88.9866666666667	816.933333333333	85.7733333333333	828.4	89.49	865.6	83.4766666666667	7	"Violent"	"Hard"	0.963554157656772	0.957024029574861
219	0	0	0	0	1	0	1	0	0	0	0	0	0	2	"No"	"Yes"	2	3	0	526	17	2499	135	0	"MB"	"Yes"	5	4	1	1	1	1	7	7	2	5	1	1	1	1	1	2	7	1	2	1	1	7	1	2	3	1	7	7	1	1	4	19	5	NA	1	3.608	"No"	"No"	"M"	5	1	7	10	5	4	957.766666666667	85.4266666666667	886.6	86.1366666666667	878.9	87.4133333333333	923.633333333333	84.9466666666667	5	"Less Violent"	"Easy"	0.925695193679741	0.95156808257245
221	0	0	1	0	0	1	0	0	0	0	0	0	0	1	"No"	"Yes"	2	1	0	278	22	892	200	NA	"MB"	"Yes"	5	7	1	7	1	1	7	7	4	4	1	1	4	4	4	4	7	1	1	1	1	7	1	1	4	5	5	5	7	5	4	19	5	NA	1	3.1	"No"	"No"	"M"	3	-10	4	2	-2	3	797.866666666667	86.17	749.1	86.0733333333333	735.066666666667	89.22	794.866666666667	83.2333333333333	5	"Violent"	"Easy"	0.938878676470588	0.924767256562946
223	0	0	1	0	0	0	1	0	0	0	0	0	0	1	"Maybe"	"Yes"	4	3	0	432	14	2314	92	0	"JC"	"Yes"	9	6	1	1	1	1	6	7	1	5	1	1	4	1	1	1	7	1	1	1	2	1	1	6	4	2	7	6	4	3	7	20	2	5	3	2.8	"No"	"No"	"M"	5	-10	0	5	-8	-5	917.066666666667	88.29	825.6	88.45	838.5	77.8366666666667	913.1	83.9966666666667	9	"Less Violent"	"Easy"	0.900261703983716	0.918300295695981
226	1	0	1	0	0	1	0	0	0	0	0	0	0	2	"Maybe"	"Yes"	4	2	2	249	6	975	61	67	"AM"	"Yes"	9	3	3	5	1	2	5	6	5	5	5	4	6	2	5	4	5	3	5	2	4	5	3	5	5	4	5	5	6	2	3	19	5	NA	1	3.6	"No"	"No"	"M"	9	8	9	10	8	9	899.066666666667	84.1333333333333	866.966666666667	80.9033333333333	873.1	81.7266666666667	901.7	83.7533333333333	9	"Violent"	"Hard"	0.964296307281626	0.968282133747366
227	0	0	0	1	0	0	0	0	0	0	1	0	0	4	"Maybe"	"No"	2	3	0	494	15	983	303	0	"JC"	"Yes"	9	7	1	4	1	1	7	4	7	7	1	1	1	1	1	4	4	4	1	4	4	4	1	4	7	4	7	7	7	7	7	18	5	NA	1	3	"No"	"No"	"M"	5	5	5	10	8	5	855.466666666667	88.1933333333333	809.266666666667	88.6266666666667	827.433333333333	82.6633333333333	878.833333333333	85.6933333333333	9	"Less Violent"	"Easy"	0.945994389027431	0.941513369998104
228	1	1	0	0	0	0	0	1	0	0	0	0	0	2	"No"	"No"	4	4	1	389	13	1622	179	77	"RP"	"Maybe"	2	4	3	4	3	4	4	6	5	5	4	3	3	3	3	5	5	3	4	3	3	5	3	3	5	5	7	6	5	4	5	18	5	NA	1	3.52	"No"	"No"	"M"	0	0	2	-2	-5	-1	914.3	87.89	868.766666666667	77.85	869.333333333333	81.9366666666667	922.366666666667	85.6266666666667	2	"Less Violent"	"Hard"	0.950198694812061	0.942502981460734
231	0	1	0	0	0	1	0	1	0	0	0	1	1	3	"No"	"No"	2	3	0	438	14	1700	80	0	"AM"	"Yes"	5	5	3	4	2	3	4	5	4	4	2	2	1	2	4	5	5	3	3	2	4	7	2	2	5	6	7	6	6	7	7	19	5	NA	1	2.8	"No"	"No"	"M"	-5	0	-7	2	3	-4	918.425	84.62	865.8	86.795	883.65	86.715	918.225	85.4125	5	"Less Violent"	"Easy"	0.942700819337453	0.962345830270358
232	0	0	0	1	0	0	0	0	0	0	0	1	0	3	"No"	"No"	4	4	0	347	11	1300	130	39	"HG"	"Yes"	4	2	2	2	1	2	3	7	4	6	2	2	2	1	2	5	6	3	3	1	3	7	1	7	5	7	7	6	7	2	6	21	5	NA	3	3.5	"No"	"No"	"M"	-3	-9	-3	7	-6	-3	863.933333333333	79.98	835.7	86.02	809.366666666667	89.4333333333333	853.766666666667	83.35	4	"Less Violent"	"Hard"	0.967320009259974	0.947995158708468
234	0	0	1	0	0	1	0	0	0	0	1	0	0	3	"No"	"Yes"	2	2	3	163	3	725	33	67	"JH"	"Yes"	9	7	1	7	1	1	7	5	6	7	3	4	3	1	4	6	6	2	2	3	4	6	2	4	7	1	5	4	5	2	2	19	5	NA	1	3.4	"No"	"No"	"M"	5	6	5	6	-7	2	900.1	83.8966666666667	866.3	87.8633333333333	861.733333333333	87.65	896.666666666667	83.9566666666667	9	"Violent"	"Hard"	0.962448616820353	0.961040892193308
235	0	1	0	0	0	0	1	0	0	0	0	0	0	2	"Maybe"	"Yes"	4	3	0	455	16	1593	189	0	"RP"	"Yes"	2	5	4	4	4	4	4	5	4	5	1	2	4	4	1	4	6	4	4	4	2	7	2	2	4	4	7	6	4	5	5	19	5	NA	1	2.9	"No"	"No"	"M"	7	7	8	8	9	8	874.466666666667	88.9933333333333	819.366666666667	89.6733333333333	800.966666666667	85.06	874.266666666667	88.6233333333333	2	"Less Violent"	"Easy"	0.936990165434169	0.916158304102486
237	0	1	0	0	0	1	0	1	0	0	1	1	0	2	"No"	"No"	2	1	0	350	21	1824	79	0	"MB"	"Yes"	3	4	1	4	1	1	7	7	6	7	1	1	7	1	1	4	7	1	1	1	1	7	1	7	5	5	7	3	6	6	7	18	5	NA	1	3	"No"	"No"	"M"	8	0	2	10	-10	6	1009	84.8833333333333	917.566666666667	87.5166666666667	876.4	89.62	992.333333333333	82.43	3	"Violent"	"Easy"	0.909382226627024	0.883170977494122
238	0	0	1	0	0	1	1	0	0	0	0	1	0	1	"No"	"Yes"	4	2	1	314	9	1110	117	71	"DT"	"Yes"	7	5	3	4	1	1	5	7	6	7	5	1	4	1	5	4	5	2	3	2	1	3	1	5	6	6	7	6	5	3	7	19	2	NA	2	2.5	"No"	"No"	"M"	7	-3	6	8	0	4	964.066666666667	78.1066666666667	895.333333333333	88.44	896.766666666667	84.3333333333333	983.533333333333	87.6133333333333	7	"Violent"	"Hard"	0.928704792199709	0.911780654782079
239	0	0	0	0	1	1	0	1	0	0	0	1	0	5	"Maybe"	"No"	4	3	0	488	22	1502	203	0	"DT"	"Maybe"	2	2	2	2	2	4	2	7	1	2	1	1	1	2	2	1	2	5	1	2	1	7	2	4	1	3	6	3	7	5	6	19	6	NA	1	3.2	"No"	"No"	"M"	0	0	-2	5	1	-1	921.9	87.53	867.033333333333	84.2433333333333	869.333333333333	81.76	907.733333333333	85.2833333333333	2	"Less Violent"	"Easy"	0.940485229779079	0.957696827262045
240	0	0	0	0	1	0	0	0	0	0	1	1	0	3	"No"	"No"	2	4	3	262	6	1154	69	67	"MB"	"Yes"	9	4	4	4	4	4	3	5	3	3	3	1	1	3	5	3	5	3	3	5	3	5	3	1	4	1	5	5	3	5	5	19	5	NA	1	3	"No"	"No"	"M"	6	0	2	10	2	6	985.8	85.95	925.733333333333	85.3366666666667	936.333333333333	79.87	965.933333333333	88.0633333333333	9	"Less Violent"	"Hard"	0.939068100358423	0.969356063220374
242	0	1	0	0	1	1	0	1	0	0	0	1	0	1	"No"	"Maybe"	2	2	0	295	9	1227	64	52	"RP"	"Yes"	9	4	4	3	1	1	3	7	4	5	3	2	2	1	2	5	6	2	3	3	1	7	1	1	5	3	5	5	2	4	4	19	5	NA	1	3	"No"	"No"	"M"	7	6	7	10	9	8	885.066666666667	89.31	773.633333333333	84.2333333333333	789.933333333333	88.74	899.166666666667	84.9566666666667	9	"Violent"	"Hard"	0.874096113287134	0.878517145505097
245	0	1	0	0	0	0	0	0	0	0	1	0	0	3	"Maybe"	"No"	4	1	0	412	14	759	221	0	"RP"	"Yes"	6	6	2	2	1	2	6	5	4	5	1	1	5	3	1	4	6	1	1	2	2	6	2	4	4	5	7	7	5	5	6	22	5	NA	4	3	"No"	"No"	"M"	7	-6	-2	6	-6	-4	939.066666666667	87.8233333333333	913.233333333333	86.7133333333333	919.866666666667	88.9633333333333	952.8	83.49	6	"Violent"	"Easy"	0.972490416015902	0.965435208508257
247	0	1	0	0	0	0	0	0	0	0	0	1	0	2	"Maybe"	"Yes"	2	3	0	395	13	940	168	0	"JC"	"Yes"	4	4	3	4	2	3	5	7	4	5	1	4	3	2	5	3	5	4	5	4	5	5	4	3	4	5	5	3	6	2	3	19	5	NA	1	2.75	"No"	"No"	"M"	9	0	3	7	-2	2	897.833333333333	88.9566666666667	889.166666666667	75.3833333333333	874.2	75.7633333333333	894.633333333333	86.5833333333333	4	"Less Violent"	"Easy"	0.990347131984408	0.977160102835427
248	0	0	1	0	0	0	0	0	0	0	1	0	0	2	"No"	"No"	2	4	4	381	8	1501	159	100	"MB"	"Yes"	6	5	3	5	1	3	6	5	4	4	5	4	4	2	3	5	5	3	5	3	4	5	3	2	4	5	7	6	4	4	5	19	5	NA	1	3	"No"	"No"	"M"	5	7	5	8	6	6	870.833333333333	87.5233333333333	815.733333333333	83.62	830.733333333333	87.15	865.5	84.8533333333333	6	"Less Violent"	"Hard"	0.936727272727273	0.959830541113036
249	1	1	0	1	0	0	0	1	1	0	0	0	1	3	"Yes"	"Yes"	4	1	0	511	20	1175	227	0	"DT"	"Yes"	9	4	2	4	1	2	5	7	4	3	3	2	7	1	2	3	5	1	1	1	3	7	2	4	1	1	5	6	5	3	4	18	2	NA	1	3.95	"No"	"No"	"M"	5	2	4	9	8	5	1013.93333333333	83.1466666666667	899	86.8766666666667	921	86.5566666666667	1028.5	82.78	9	"Violent"	"Easy"	0.886646064830038	0.895478852698104
250	0	0	0	0	1	0	0	1	0	0	1	1	0	4	"No"	"No"	2	2	5	336	6	1565	59	127	"MB"	"Yes"	3	4	3	4	2	4	2	6	6	6	5	6	7	4	4	5	6	4	4	2	3	5	3	5	5	5	5	4	5	3	4	18	5	NA	2	2.7	"No"	"No"	"M"	5	2	5	10	8	8	923.866666666667	84.5366666666667	834.233333333333	87.8233333333333	828.533333333333	87.9466666666667	890.666666666667	82.99	3	"Violent"	"Hard"	0.902980228027132	0.930239520958083
251	0	0	1	0	0	1	1	1	1	0	1	0	0	3	"No"	"No"	4	3	0	159	22	0	167	0	"JC"	"Yes"	5	5	2	5	2	2	7	7	4	4	2	1	1	1	4	1	1	1	1	1	1	1	2	3	4	4	5	5	5	2	4	19	5	NA	1	3.8	"No"	"No"	"M"	8	6	8	8	8	9	956.666666666667	87.56	915.766666666667	89.37	919.766666666667	87.2166666666667	934.566666666667	88.04	5	"Less Violent"	"Easy"	0.957247386759582	0.984163783571709
254	0	0	1	0	0	0	0	0	0	0	0	0	0	4	"No"	"Maybe"	4	2	0	337	11	1082	104	58	"RP"	"Yes"	9	7	1	4	1	1	7	7	7	7	2	1	7	1	7	4	7	1	3	1	7	7	1	1	7	7	7	7	7	7	7	19	2	NA	1	3	"No"	"No"	"M"	6	0	3	5	5	4	1002.96666666667	86.76	938.6	87.0733333333333	928	86.28	985.9	88.04	9	"Violent"	"Hard"	0.93582372295523	0.941271934273253
256	1	0	0	1	0	0	0	1	0	0	1	1	0	4	"Maybe"	"No"	2	4	0	407	13	1822	67	35	"LK"	"Yes"	4	2	1	1	1	4	2	6	4	4	2	1	1	1	2	2	1	4	2	2	2	6	2	2	4	2	6	6	6	4	6	20	5	NA	3	3.7	"No"	"No"	"M"	-2	2	-1	4	0	0	934.966666666667	87.0366666666667	885.2	85.7066666666667	906.066666666667	84.15	924.966666666667	87.9333333333333	4	"Less Violent"	"Hard"	0.946771720916966	0.979566831237162
259	0	0	0	1	0	1	1	0	0	0	1	1	0	2	"Maybe"	"Maybe"	4	3	0	468	15	372	345	0	"JH/LK"	"Yes"	7	5	3	5	1	3	5	6	5	6	2	2	2	2	2	4	5	4	4	4	3	4	3	2	7	4	6	6	4	7	7	20	5	NA	2	2.5	"No"	"No"	"M"	5	5	5	8	5	6	975.7	81.6533333333333	896.7	87.7	889.866666666667	85.1666666666667	986.633333333333	87.5233333333333	7	"Less Violent"	"Easy"	0.919032489494722	0.901922362241968
261	0	0	0	1	0	1	0	1	1	0	1	1	0	4	"Maybe"	"No"	4	1	0	429	14	782	220	0	"JH/LK"	"Yes"	7	3	2	4	1	2	3	7	5	6	2	1	4	2	1	5	5	2	1	2	2	6	2	5	5	2	5	5	4	1	5	19	5	NA	1	3.94	"No"	"No"	"M"	1	-9	-8	1	-7	-5	902.9	88.7733333333333	853.066666666667	84.91	844.266666666667	87.3066666666667	878.266666666667	87.9766666666667	7	"Violent"	"Easy"	0.944807472219146	0.961287384241688
263	0	0	1	1	0	1	0	0	0	0	1	1	0	2	"No"	"No"	2	3	0	405	14	1265	137	0	"JC"	"Maybe"	7	5	4	5	1	1	5	6	5	6	3	3	2	2	2	4	5	3	2	4	2	6	2	2	4	5	6	6	6	4	6	18	5	NA	1	2.75	"No"	"No"	"M"	9	3	7	10	2	6	843.933333333333	85.49	839.366666666667	86.7466666666667	816.633333333333	82.3466666666667	894.9	88.0466666666667	7	"Less Violent"	"Easy"	0.994588830081366	0.912541438521995
264	0	0	0	0	1	0	0	0	0	0	1	0	0	2	"No"	"Yes"	4	4	3	311	9	973	110	96	"RP"	"Maybe"	3	7	1	4	1	1	7	5	4	4	4	4	4	2	2	5	5	3	5	3	4	5	3	2	4	1	7	5	4	2	3	18	2	NA	1	3.8	"No"	"No"	"M"	5	8	5	7	6	7	883.666666666667	89.6333333333333	780.033333333333	85.2433333333333	796.733333333333	86.6366666666667	885.066666666667	86.1166666666667	3	"Less Violent"	"Hard"	0.882723500565823	0.90019584212112
268	1	1	1	0	0	1	0	0	0	0	0	1	1	2	"No"	"Yes"	2	4	5	567	3	1666	101	118	"MB"	"Yes"	3	4	1	4	4	2	3	5	3	5	6	4	3	5	5	5	6	4	6	6	3	4	2	4	6	4	6	6	3	6	7	20	5	NA	3	2.9	"No"	"No"	"M"	3	5	2	10	5	5	912.333333333333	82.76	878.133333333333	89.1733333333333	882.133333333333	89.2	895	84.3266666666667	3	"Less Violent"	"Hard"	0.962513701132627	0.985623836126629
269	0	1	0	0	0	0	1	0	0	0	0	0	0	2	"No"	"No"	2	1	0	403	14	993	189	0	"RP"	"Yes"	7	2	3	4	4	4	4	7	6	6	2	2	4	3	5	5	6	3	1	2	4	5	3	5	5	2	3	5	5	5	4	21	5	NA	3	2.8	"No"	"No"	"M"	3	0	3	5	4	7	970.466666666667	84.54	885.166666666667	86.3533333333333	912.766666666667	83.39	975.966666666667	81.3966666666667	7	"Violent"	"Easy"	0.91210414233702	0.935243690016736
271	1	0	1	1	1	0	0	1	1	0	1	1	0	4	"Yes"	"No"	4	3	0	462	15	1415	219	0	"KH"	"Maybe"	5	7	1	7	1	1	7	7	4	6	1	1	5	1	2	6	7	1	1	1	2	7	2	5	3	2	7	6	6	6	6	21	1	NA	3	3.85	"No"	"No"	"M"	-1	-7	-2	4	4	-1	830.333333333333	75.2566666666667	853.133333333333	84.8633333333333	838.8	84.3	815.2	78.4433333333333	5	"Less Violent"	"Easy"	1.02745885186672	1.02894995093229
272	0	1	0	0	0	1	0	1	0	0	0	1	0	2	"Maybe"	"Yes"	2	4	2	202	5	532	57	76	"EM"	"Yes"	9	5	4	4	1	4	4	6	5	5	5	4	4	3	5	5	5	5	5	3	5	6	2	4	5	3	5	5	5	3	5	19	5	NA	1	3.5	"No"	"No"	"M"	9	10	9	10	8	9	919.066666666667	89.44	859.033333333333	83.2466666666667	869.8	87.5833333333333	908.2	84.9666666666667	9	"Less Violent"	"Hard"	0.934680110256782	0.957718564192909
273	0	0	0	1	0	1	0	0	0	0	0	1	0	2	"Maybe"	"No"	2	1	0	333	19	501	210	0	"HG"	"Yes"	7	7	4	5	2	3	7	7	4	5	2	2	7	2	2	6	6	2	3	2	4	6	2	5	4	3	6	4	6	4	5	19	5	NA	1	3.5	"No"	"No"	"M"	5	-1	2	7	0	3	793.066666666667	78.2366666666667	792.766666666667	83.31	803.333333333333	80.66	825.266666666667	74.6366666666667	7	"Violent"	"Easy"	0.999621721587088	0.973422732046207
274	1	0	1	0	1	1	1	0	0	0	1	0	0	4	"No"	"Yes"	2	2	1	218	6	942	64	61	"HG"	"Yes"	7	6	2	6	3	4	5	7	6	7	6	5	6	3	5	5	7	3	6	4	2	7	1	2	6	6	7	5	5	6	7	19	5	NA	1	3.2	"No"	"No"	"M"	2	1	5	4	-4	2	1033.26666666667	86.8366666666667	996.933333333333	87.5466666666667	991.2	88.8833333333333	1011.23333333333	84.7633333333333	7	"Violent"	"Hard"	0.96483644106071	0.98018920789795
276	1	0	1	1	0	0	0	0	0	0	1	1	0	2	"No"	"Yes"	4	4	1	337	9	1247	125	65	"LK"	"Yes"	8	7	1	7	1	1	7	7	7	7	7	3	3	1	2	7	7	4	6	2	6	7	3	3	7	6	6	6	7	7	7	18	2	NA	1	3.76	"No"	"No"	"M"	7	4	4	9	6	6	931.366666666667	89.7166666666667	872.433333333333	84.6933333333333	877.233333333333	84.16	944.566666666667	88.8266666666667	8	"Less Violent"	"Hard"	0.936723810887226	0.928715107456682
277	0	1	0	0	0	1	1	0	0	0	0	0	0	2	"No"	"Yes"	2	1	0	218	22	126	168	0	"HG"	"Yes"	9	5	1	5	1	1	7	5	1	1	1	1	5	1	1	5	5	5	5	1	5	3	5	2	1	1	5	3	3	3	5	18	5	NA	1	3.5	"No"	"No"	"M"	2	-7	0	3	-5	-2	881.233333333333	88.8066666666667	852.633333333333	85	851.433333333333	86.0233333333333	879.6	82.6433333333333	9	"Violent"	"Easy"	0.967545485493815	0.967977868728209
279	0	1	1	0	0	1	0	0	0	0	0	1	0	2	"Maybe"	"No"	2	3	0	412	14	1559	129	0	"RP"	"Maybe"	4	5	3	3	3	3	3	6	2	3	2	2	2	2	4	4	3	3	2	5	3	5	1	2	3	2	5	5	5	3	5	19	5	NA	2	2	"No"	"No"	"M"	4	1	0	6	5	4	923.766666666667	85.6333333333333	941.866666666667	87.52	915.6	84.48	914.866666666667	80.2666666666667	4	"Less Violent"	"Easy"	1.01959369249089	1.00080157399985
281	0	0	1	0	0	0	1	0	0	0	0	0	0	2	"No"	"Yes"	4	1	0	171	5	98	123	0	"JC"	"Yes"	8	4	4	1	2	2	6	7	5	5	2	1	5	3	2	5	5	1	1	3	2	7	5	3	5	2	6	4	5	2	6	19	5	NA	1	3	"No"	"No"	"M"	8	6	7	10	7	8	909.666666666667	81.53	862.733333333333	85.4566666666667	876.766666666667	85.7466666666667	899.7	77.2	8	"Violent"	"Easy"	0.948406009527299	0.974510021859139
283	0	0	0	0	1	1	0	0	1	0	0	0	0	3	"No"	"No"	2	3	0	568	19	2155	236	0	"MB"	"Yes"	1	4	3	4	3	1	5	7	2	3	1	1	1	1	1	1	6	1	1	1	1	2	2	2	4	1	6	6	6	3	4	18	5	NA	1	3.1	NA	NA	"M"	4	2	1	7	-1	-1	919.666666666667	89.6033333333333	868.4	80.0533333333333	889.933333333333	85.4033333333333	949.066666666667	85.7133333333333	1	"Less Violent"	"Easy"	0.944255164914824	0.937693172239393
286	0	1	0	0	0	1	0	0	0	0	0	0	0	4	"No"	"No"	4	2	3	229	5	864	70	86	"RP"	"Yes"	5	4	1	3	1	1	5	7	6	7	4	1	2	1	5	7	7	2	5	1	2	7	1	1	7	6	7	7	7	1	5	20	5	NA	2	3.3	NA	NA	"M"	9	10	8	10	9	9	968.4	88.4633333333333	945.8	80.2233333333333	931.166666666667	86.39	958.9	84.8366666666667	5	"Violent"	"Hard"	0.97666253614209	0.971077971286544
291	0	0	0	0	1	1	0	0	0	0	0	0	0	4	"No"	"Maybe"	4	3	0	469	16	2590	62	0	"LK"	"Yes"	9	7	1	5	1	2	7	7	3	4	1	1	1	2	1	6	6	2	1	2	1	5	1	1	3	1	6	5	1	2	4	19	5	NA	1	3.5	NA	NA	"M"	7	5	6	10	6	7	963.733333333333	82.0033333333333	891.266666666667	87.4066666666667	878.3	85.3	927.1	86.65	9	"Less Violent"	"Easy"	0.924806308799115	0.947362744040557
292	0	0	0	0	1	0	0	0	0	0	0	1	0	2	"Maybe"	"Yes"	2	4	4	229	4	646	87	90	"HG"	"Yes"	2	2	4	2	2	4	2	5	5	6	5	2	2	3	6	7	7	3	3	2	3	6	2	4	6	2	3	3	5	2	2	18	5	NA	1	3.8	NA	NA	"M"	4	3	3	8	5	6	881.6	86.9233333333333	862.933333333333	86.5	888.366666666667	82.7933333333333	905.266666666667	88.65	2	"Less Violent"	"Hard"	0.978826376285541	0.98133146770749
293	0	1	1	0	0	0	0	0	0	0	1	0	0	1	"No"	"Yes"	4	1	0	240	9	841	76	0	"LK"	"Yes"	9	4	1	7	1	1	7	7	7	7	3	2	6	3	6	7	7	2	1	4	4	6	4	3	6	6	7	5	5	3	6	18	2	NA	1	3.7	NA	NA	"M"	8	4	6	9	5	7	991.633333333333	79.8166666666667	940.966666666667	85.4666666666667	953.333333333333	89.74	1019.03333333333	82.37	9	"Violent"	"Easy"	0.948905845574642	0.93552713355795
295	0	0	0	0	1	0	0	0	0	0	1	0	0	4	"No"	"No"	4	3	0	484	13	3061	28	0	"LK"	"Yes"	7	6	1	5	2	1	6	7	4	5	1	1	2	4	2	5	5	3	1	1	1	6	1	1	4	2	6	5	2	4	5	19	5	NA	1	2.7	NA	NA	"M"	-5	4	1	7	-4	2	815.2	88.9466666666667	782.066666666667	83.9333333333333	770.8	85.1133333333333	809.1	77.7533333333333	7	"Less Violent"	"Easy"	0.959355577363428	0.952663453219627
296	0	1	0	0	0	1	0	0	0	0	0	0	0	1	"No"	"No"	4	4	6	288	4	761	126	114	"RP"	"Yes"	7	5	3	4	3	2	5	6	5	6	3	1	5	2	4	5	6	3	5	2	3	6	2	5	5	3	6	6	5	3	6	19	5	NA	1	2.9	NA	NA	"M"	7	6.5	6	8	7.5	7	927.966666666667	82.2233333333333	925.3	88.5366666666667	918.066666666667	89.3333333333333	928.166666666667	81.53	7	"Less Violent"	"Hard"	0.997126333560831	0.989118333632609
298	0	0	0	0	1	1	0	0	1	0	1	0	0	2	"Maybe"	"Yes"	2	2	3	270	7	968	85	80	"RP"	"Yes"	5	5	3	4	2	2	4	3	5	4	6	3	6	3	4	4	5	5	6	3	3	6	2	4	5	3	5	4	2	2	3	18	1	NA	1	3.62	NA	NA	"M"	8	-5	4	5	4	5	936.233333333333	88.78	937.4	85.39	913.433333333333	89.21	928.233333333333	83.7333333333333	5	"Violent"	"Hard"	1.00124612810197	0.984055733113082
302	1	1	0	0	0	1	0	1	0	0	1	0	0	3	"No"	"No"	2	2	1	195	5	773	70	62	"RP"	"Maybe"	5	5	7	7	3	4	7	1	2	4	2	6	2	7	6	7	5	6	2	1	4	1	2	5	7	2	2	1	1	1	3	20	5	NA	2	3	NA	NA	"M"	9	6	6	8	2	4	879.233333333333	86.26	815.933333333333	88.5966666666667	832.2	83.4233333333333	890.033333333333	88.9466666666667	5	"Violent"	"Hard"	0.928005459301664	0.935021160256171
306	1	1	1	0	0	1	1	0	0	0	1	0	0	5	"No"	"No"	4	2	3	290	4	999	97	95	"LK"	"Maybe"	6	7	1	5	2	2	7	7	6	6	5	2	5	3	3	5	5	4	4	2	4	6	2	4	5	6	6	4	6	5	5	19	5	NA	1	3.6	NA	NA	"M"	3	-7	-2	4	-2	-4	906.966666666667	82.9033333333333	842.3	87.78	868	89.69	900.466666666667	86.71	6	"Violent"	"Hard"	0.928700062479326	0.96394462130747
308	0	1	0	0	0	0	0	0	0	0	0	1	0	3	"No"	"No"	4	4	0	401	13	1551	97	57	"LK"	"Maybe"	9	5	5	5	6	5	5	NA	NA	NA	NA	NA	NA	NA	NA	NA	NA	NA	NA	NA	NA	NA	NA	NA	NA	NA	NA	NA	NA	NA	NA	19	5	NA	1	2.7	NA	NA	"M"	2	6	2	6	6	4	954.533333333333	88.38	984.1	87.03	970.4	87.3233333333333	955.2	87.56	9	"Less Violent"	"Hard"	1.03097499650789	1.01591289782245
310	0	0	0	1	0	0	0	0	0	0	0	1	0	4	"Yes"	"Maybe"	1	2	0	235	9	1089	62	45	"AS"	"Yes"	9	6	2	5	1	1	7	6	5	6	6	4	7	2	6	5	6	3	5	3	3	6	2	2	6	5	5	5	7	6	6	18	5	NA	1	3.4	NA	NA	"M"	NA	NA	NA	NA	NA	NA	991.45	84.65	950.6	87.98	960.85	87.705	985.45	82.71	9	"Violent"	"Hard"	0.958797720510364	0.975036785225024
311	0	1	0	0	0	1	0	0	0	0	0	0	0	4	"No"	"Yes"	4	3	0	535	17	170	414	0	"EW"	"Yes"	7	4	2	2	1	2	5	7	2	5	2	1	1	2	1	3	5	2	2	1	2	6	3	1	3	2	6	6	4	5	6	20	5	NA	2	3	"No"	"No"	"M"	NA	NA	NA	NA	NA	NA	895.7	75.715	868.75	86.34	874	89.87	888.55	81.195	7	"Less Violent"	"Easy"	0.969911800826169	0.983625007033932
312	0	1	1	1	0	1	0	0	0	0	1	1	0	1	"No"	"Yes"	1	4	2	240	6	806	107	59	"AS"	"Yes"	9	7	1	4	1	1	7	5	5	6	4	2	3	3	6	7	6	5	5	4	5	6	3	2	5	2	6	4	5	2	5	18	2	NA	1	3.79	"No"	"No"	"M"	NA	NA	NA	NA	NA	NA	877.15	87.98	838.1	80.695	857.9	88.26	869.2	78.585	9	"Less Violent"	"Hard"	0.955480818560109	0.986999539806719
314	0	1	0	0	0	1	1	0	0	0	0	0	0	2	"No"	"Yes"	1	2	4	373	9	1143	148	109	"EM"	"Yes"	9	6	1	4	1	1	6	5	5	6	6	4	6	3	4	6	6	3	5	3	2	6	2	4	6	5	6	6	4	6	7	18	5	NA	1	3.5	"No"	"No"	"M"	NA	NA	NA	NA	NA	NA	867.65	84.845	837.15	87.845	820.25	86.23	844.95	79.57	9	"Violent"	"Hard"	0.964847576787875	0.970767501035564
316	0	0	1	0	0	0	0	1	0	0	0	1	0	4	"Maybe"	"Yes"	1	4	6	369	19	1410	62	138	"HG"	"Yes"	5	5	2	6	1	1	1	7	5	6	5	1	1	6	6	5	5	3	4	1	5	7	2	2	4	7	7	5	7	7	7	18	5	NA	1	3	"No"	"No"	"M"	NA	NA	NA	NA	NA	NA	913.2	86.55	856.6	82.35	837.8	87.505	907.7	87.095	5	"Less Violent"	"Hard"	0.938020148926851	0.922992178032389
318	0	1	0	0	0	1	0	0	0	0	0	0	0	4	"No"	"Yes"	1	2	NA	NA	NA	NA	NA	NA	"AS"	"Maybe"	1	5	3	5	1	1	5	7	7	7	5	2	7	1	5	6	6	2	2	1	5	7	3	6	6	5	7	6	7	3	6	20	5	NA	2	4	"No"	"No"	"M"	NA	NA	NA	NA	NA	NA	947	85.915	883.45	86.79	897	87.285	971.35	81.855	1	"Violent"	"Hard"	0.932893347412883	0.923457044319761
319	0	1	0	0	0	1	0	0	0	0	0	0	0	5	"No"	"Yes"	4	3	0	458	15	334	358	0	"EW"	"Yes"	9	5	1	6	1	1	6	7	6	6	1	1	1	1	1	3	5	3	1	2	4	7	3	5	4	3	7	5	4	4	4	18	5	NA	1	3.4	"Yes"	"No"	"M"	NA	NA	NA	NA	NA	NA	1012	81.595	931.05	89.325	922.85	88.54	980.45	83.71	9	"Less Violent"	"Easy"	0.920009881422925	0.941251466163496
320	0	1	0	0	0	1	0	0	0	0	0	0	0	3	"No"	"Yes"	1	4	14	276	7	1554	24	167	"AS"	"Yes"	7	7	1	7	1	2	6	7	4	5	3	3	1	2	3	6	5	5	5	3	2	7	2	1	2	2	7	7	3	6	5	18	5	NA	1	4	"No"	"Yes"	"M"	NA	NA	NA	NA	NA	NA	858.15	88.935	827.7	83.935	805.4	86.66	876	88.035	7	"Less Violent"	"Hard"	0.964516692885859	0.919406392694064
321	0	1	0	0	0	1	1	0	0	0	1	0	0	2	"No"	"Maybe"	1	1	0	379	13	577	233	0	"AS"	"Yes"	9	7	1	6	1	1	6	7	5	3	1	1	7	1	1	7	7	2	1	1	1	7	1	6	5	1	6	2	7	2	2	18	5	NA	1	3.96	"No"	"No"	"M"	NA	NA	NA	NA	NA	NA	946.25	81.77	921.85	88.51	919.2	88.845	921.35	85.145	9	"Violent"	"Easy"	0.974214002642008	0.997666467683291
322	0	1	0	1	0	1	1	0	0	0	1	0	0	NA	NA	NA	4	2	0	305	10	1123	80	48	"RP"	"Yes"	9	6	2	4	1	1	7	7	7	7	3	1	5	1	3	7	7	1	3	1	5	7	1	4	7	5	7	5	7	7	7	18	5	NA	1	3.9	"No"	"No"	"M"	NA	NA	NA	NA	NA	NA	946.65	89.18	930.95	84.39	946.35	77.52	944.95	87.4	9	"Violent"	"Hard"	0.983415200971848	1.00148155987089
324	0	1	0	1	0	0	0	0	0	1	0	0	0	1	"No"	"Maybe"	4	4	1	227	4	1075	83	48	"RP"	"Yes"	6	5	1	1	4	1	4	3	5	7	3	1	1	1	1	4	5	1	2	6	1	2	1	1	7	6	7	7	1	7	7	18	2	NA	1	3.5	"No"	"No"	"M"	NA	NA	NA	NA	NA	NA	940.05	89.42	855.3	82.51	827.4	81.59	960.8	87.705	6	"Less Violent"	"Hard"	0.909845220998883	0.861157368859284
325	NA	NA	NA	NA	NA	NA	NA	NA	NA	NA	NA	NA	NA	NA	NA	NA	2	1	0	516	18	2364	99	0	"HG"	"Yes"	5	3	1	6	3	2	5	6	6	6	2	3	6	2	4	5	5	2	2	3	4	6	3	5	5	4	6	6	5	3	5	19	5	NA	1	3.82	"No"	"No"	"Male"	NA	NA	NA	NA	NA	NA	935	89.725	867.85	83.35	867.55	84.175	930.7	88.865	5	"Violent"	"Easy"	0.928181818181818	0.932147845707532
326	1	1	0	0	0	0	0	0	0	0	0	0	0	4	"No"	"No"	4	2	2	418	11	1674	104	92	"RP"	"Yes"	7	6	1	4	1	1	5	7	5	5	3	1	4	1	2	4	6	3	5	3	2	7	1	4	5	6	7	7	6	6	7	18	5	NA	1	3.9	"No"	"No"	"M"	NA	NA	NA	NA	NA	NA	937.2	87.155	912	77.395	883.15	80.685	932.7	87.88	7	"Violent"	"Hard"	0.973111395646607	0.946874664951217
327	NA	NA	NA	NA	NA	NA	NA	NA	NA	NA	NA	NA	NA	NA	NA	NA	2	3	0	78	14	211	21	0	"HG"	"Yes"	8	6	1	5	1	1	6	6	3	2	1	2	1	3	3	6	7	2	1	2	2	5	2	4	4	3	6	6	5	4	6	22	6	NA	3	2.99	"No"	"No"	"Male"	NA	NA	NA	NA	NA	NA	903.4	88.41	843	89.625	838	89.69	880.05	89.545	8	"Less Violent"	"Easy"	0.933141465574496	0.952218623941822
331	0	1	0	0	0	1	0	0	0	0	0	0	0	4	"No"	"No"	4	3	0	462	15	115	225	0	"EW"	"Yes"	8	7	1	6	1	1	7	7	7	6	1	1	1	1	1	7	7	4	1	2	1	7	1	3	7	4	7	7	6	5	6	19	5	NA	1	4	"No"	"No"	"M"	NA	NA	NA	NA	NA	NA	976	85.97	885.75	85.075	886.05	84.2	959.95	86.865	8	"Less Violent"	"Easy"	0.907530737704918	0.923016823792906
332	1	0	1	1	0	1	0	1	0	1	1	1	0	4	"Maybe"	"Maybe"	1	4	3	285	3	953	93	99	"AS"	NA	3	7	1	7	1	1	7	6	6	7	4	4	3	2	3	5	4	5	6	2	3	7	5	5	6	3	5	4	2	1	4	19	5	NA	2	3	"No"	"No"	"M"	NA	NA	NA	NA	NA	NA	939.9	83.865	861.15	86.04	854.15	89.09	922.55	80.355	3	"Less Violent"	"Hard"	0.916214490903288	0.925857677090673
333	0	0	0	0	1	1	0	0	0	0	0	0	0	4	"No"	"No"	2	1	0	469	16	627	284	0	"HG"	"Yes"	4	5	3	1	4	4	4	6	1	1	1	1	5	1	1	4	5	1	1	1	1	7	1	1	1	1	7	7	1	1	1	18	5	NA	1	3.8	"No"	"No"	"M"	NA	NA	NA	NA	NA	NA	903.75	88.665	843.9	81	871.6	89.245	925.1	79.16	4	"Violent"	"Easy"	0.933775933609958	0.942168414225489
336	0	1	0	0	0	0	0	0	0	0	1	0	0	2	"No"	"Maybe"	4	4	0	380	12	1502	113	73	"EW"	"Yes"	4	2	4	1	4	4	4	7	4	6	5	1	3	1	3	5	5	3	5	3	3	5	1	1	5	3	5	5	5	5	6	20	5	NA	3	3.06	"No"	"No"	"M"	NA	NA	NA	NA	NA	NA	811.75	87	801.4	83.11	811.95	82.285	814.9	88.73	4	"Less Violent"	"Hard"	0.987249769017555	0.996379923917045
337	0	1	0	0	0	1	0	0	0	0	0	0	1	1	"No"	"Yes"	1	1	0	338	17	629	202	0	"AS"	"Yes"	3	5	3	4	3	5	4	7	6	6	2	2	6	1	4	5	5	2	2	4	3	6	3	4	5	5	6	5	5	6	6	18	5	NA	1	3.9	"No"	"No"	"M"	NA	NA	NA	NA	NA	NA	1002	82.575	952.15	87.955	936.5	87.34	989.7	83.59	3	"Violent"	"Easy"	0.950249500998004	0.946246337273921
338	0	0	1	0	0	1	1	0	0	0	1	0	0	2	"Yes"	"Yes"	4	2	3	363	6	1113	127	110	"EW"	"Yes"	9	3	6	3	6	7	1	6	6	6	5	6	5	2	5	5	6	2	2	2	2	7	3	5	5	3	3	5	5	3	5	18	5	NA	1	3.8	"Yes"	"No"	"M"	NA	NA	NA	NA	NA	NA	966.1	80.56	885.2	89.095	876.65	84.435	943.65	87.995	9	"Violent"	"Hard"	0.916261256598696	0.928999099242304
339	0	0	1	0	0	1	0	0	1	0	1	0	0	1	"No"	"Yes"	1	3	0	443	17	1443	181	0	"AS"	"Yes"	9	7	1	5	1	1	7	6	4	4	1	5	6	2	2	5	5	3	1	1	3	6	6	4	2	4	6	6	3	5	5	18	5	NA	1	3.9	"No"	"No"	"M"	NA	NA	NA	NA	NA	NA	941.4	83.105	900.05	87.26	908.85	88.36	924.1	80.005	9	"Less Violent"	"Easy"	0.956076056936478	0.983497456985175
342	0	0	1	0	0	0	0	0	0	0	1	0	0	3	"No"	"Yes"	4	2	0	336	10	1268	84	63	"EW"	"Maybe"	7	7	1	5	1	2	4	7	4	5	2	2	6	2	4	4	5	2	2	2	1	6	2	5	4	6	7	7	7	7	7	19	5	NA	1	3.9	"No"	"No"	"M"	NA	NA	NA	NA	NA	NA	915.5	89.715	821.55	81.985	846.5	82.91	923.05	89.35	7	"Violent"	"Hard"	0.897378481703987	0.917068414495423
344	0	1	0	0	0	1	0	0	0	0	0	0	0	3	"No"	"Yes"	4	4	4	338	4	1239	68	105	"EW"	"Yes"	9	7	1	4	1	1	4	6	3	5	4	1	1	1	5	5	7	2	3	4	1	6	1	2	5	1	7	7	4	6	7	18	5	NA	1	NA	"Yes"	"No"	"M"	NA	NA	NA	NA	NA	NA	935.4	87.58	872.3	88.555	873.65	87.08	942.75	88.785	9	"Less Violent"	"Hard"	0.932542227923883	0.926703792097587
345	0	0	0	1	0	1	0	0	0	0	0	0	0	NA	NA	NA	1	1	0	525	16	575	263	0	"AS"	"Yes"	9	5	2	4	1	1	5	7	6	7	1	1	2	1	1	6	6	2	1	1	2	7	1	4	7	5	7	6	7	7	7	18	5	NA	1	3.7	"Yes"	"Yes"	"M"	NA	NA	NA	NA	NA	NA	895.4	85.035	853.15	88.995	871.65	88.98	886.45	84.045	9	"Violent"	"Easy"	0.952814384632566	0.98330419087371
346	0	1	1	0	0	1	0	0	0	0	0	0	0	4	"No"	"Maybe"	4	2	0	345	11	1361	103	30	"EW"	NA	6	5	1	4	4	3	4	7	6	6	2	2	7	1	6	6	7	3	3	1	3	7	3	5	6	5	7	7	7	6	6	18	1	NA	1	3.79	"Yes"	"Yes"	"M"	NA	NA	NA	NA	NA	NA	821.3	86.895	809.45	87.24	813.3	88.485	819.95	83.38	6	"Violent"	"Hard"	0.985571654693778	0.991889749374962
347	0	1	0	0	0	1	1	1	0	0	0	0	0	3	"No"	"No"	1	3	0	460	16	0	457	0	"AS"	NA	9	7	2	5	1	2	2	7	3	4	1	5	4	1	1	5	7	3	1	1	3	5	6	3	4	6	7	7	1	6	5	18	2	NA	1	3.35	"No"	"No"	"M"	NA	NA	NA	NA	NA	NA	997.5	86.01	978.05	88.1	955.55	88.11	980.8	82.115	9	"Less Violent"	"Easy"	0.980501253132832	0.974255709624796
349	0	0	1	1	0	1	1	0	1	0	0	0	0	4	"No"	"Yes"	4	1	0	401	13	1702	147	0	"VP"	NA	9	4	3	5	1	3	6	6	5	5	1	1	6	3	3	4	5	3	1	2	1	6	5	3	4	2	6	4	3	2	3	19	5	NA	1	3.8	"No"	"No"	"M"	NA	NA	NA	NA	NA	NA	991.6	84.475	967.45	88.285	926.85	87.56	972.6	85.815	9	"Violent"	"Easy"	0.975645421540944	0.952961135101789
350	1	0	0	0	1	0	1	0	1	1	1	0	0	3	"No"	"No"	1	2	1	238	6	366	100	88	"JL"	"Yes"	9	5	4	1	1	4	5	6	4	5	1	1	5	1	6	6	7	2	3	1	2	7	1	2	5	2	7	7	4	5	6	18	5	NA	1	3	"No"	"No"	"M"	NA	NA	NA	NA	NA	NA	895.85	83.175	870	89.835	848.4	88.175	901.1	87.2	9	"Violent"	"Hard"	0.971144722888876	0.941515924980579
352	1	1	1	0	0	1	0	0	0	0	0	0	0	2	"No"	"No"	4	4	1	295	7	1427	77	70	"EW"	"Yes"	9	1	4	1	1	4	1	7	5	6	5	2	1	1	6	6	6	2	5	6	6	6	2	4	6	5	7	4	4	7	7	19	5	NA	1	3.5	"Yes"	"No"	"M"	NA	NA	NA	NA	NA	NA	940.3	77.5	939.2	88.965	946.3	83.965	960.5	85.13	9	"Less Violent"	"Hard"	0.998830160587047	0.985216033315981
353	0	1	0	0	0	1	0	0	0	0	0	0	0	1	"No"	"Yes"	1	1	0	427	14	376	239	0	"HG"	"Yes"	5	6	2	5	2	2	7	7	5	5	2	1	3	1	2	5	7	1	1	2	1	6	1	3	5	4	6	5	3	6	6	18	5	NA	1	3.7	"No"	"No"	"M"	NA	NA	NA	NA	NA	NA	958.25	77.49	906.45	86.775	906.1	87.945	974.05	83.37	5	"Violent"	"Easy"	0.945943125489173	0.930239720753555
354	0	0	1	0	0	1	0	0	0	0	0	1	0	3	"No"	"Yes"	1	2	4	309	7	1309	99	88	"AS"	"Yes"	3	7	1	6	1	1	7	6	4	6	4	2	1	1	5	3	3	5	5	1	5	7	1	1	5	5	7	5	5	4	6	19	5	NA	1	3.75	"No"	"No"	"M"	NA	NA	NA	NA	NA	NA	892.4	84.985	908.95	88.325	905.8	86.36	922.4	81.805	3	"Violent"	"Hard"	1.01854549529359	0.982003469210755
355	0	1	0	1	1	1	1	1	0	0	0	1	0	2	"Maybe"	"No"	1	3	0	436	15	2241	43	0	"AS"	"Yes"	6	6	2	1	1	1	4	7	1	NA	1	1	5	1	1	5	6	5	2	3	2	7	6	2	1	2	7	6	6	6	6	19	5	NA	1	3.9	"No"	"No"	"M"	NA	NA	NA	NA	NA	NA	893.5	83.385	857.05	89.595	861.1	89.2	877.3	84.01	6	"Less Violent"	"Easy"	0.959205372132065	0.981534252821156
356	1	1	1	1	1	1	0	0	0	0	1	0	0	2	"No"	"No"	4	4	5	344	4	1217	112	112	"EW"	"Yes"	9	4	4	4	1	4	4	6	4	6	3	2	2	3	4	5	5	3	5	4	2	6	3	4	5	3	5	5	2	5	5	19	5	NA	2	2.8	"No"	"No"	"M"	NA	NA	NA	NA	NA	NA	1033.5	88.17	1008.45	84.65	1029.25	86.66	1006.05	88.17	9	"Less Violent"	"Hard"	0.975761973875181	1.02306048407137
359	0	0	0	1	0	1	0	0	0	0	0	0	0	3	"No"	"Yes"	1	3	0	564	13	2411	132	0	"JL"	"Yes"	6	5	3	4	1	3	4	7	4	3	1	1	2	2	1	1	2	5	1	1	1	7	1	1	3	1	7	7	7	7	7	18	5	NA	1	3.8	"No"	"No"	"M"	NA	NA	NA	NA	NA	NA	945.3	86.485	905.45	84.325	926.5	88.305	969.2	83.275	6	"Less Violent"	"Easy"	0.957844070665397	0.955943045810978
360	0	1	0	0	0	0	0	0	0	0	1	0	0	3	"Maybe"	"No"	1	4	6	343	7	1202	147	107	"JL"	"Yes"	6	6	3	2	1	4	4	5	6	6	6	5	5	1	3	6	6	4	3	5	3	6	2	5	7	2	7	7	3	6	7	19	5	NA	1	2.9	"No"	"No"	"M"	NA	NA	NA	NA	NA	NA	909.15	80.245	839	89.73	855.65	88.96	923.15	83.94	6	"Less Violent"	"Hard"	0.922840015398999	0.926880788604236
361	0	0	0	1	0	0	0	0	0	0	0	1	0	2	"No"	"No"	4	1	0	511	17	993	228	0	"VP"	"Yes"	4	4	4	6	1	1	7	7	6	7	1	1	7	1	4	7	7	1	1	2	2	7	2	5	5	5	7	6	7	7	7	21	3	NA	3	2.9	"No"	"No"	"M"	NA	NA	NA	NA	NA	NA	926.1	85.76	934.45	85.455	939.6	83.095	936.2	89.12	4	"Violent"	"Easy"	1.00901630493467	1.00363170262764
362	0	1	0	0	0	0	0	0	0	0	0	0	1	4	"Maybe"	"No"	1	2	1	300	7	1314	83	70	"JL"	"Yes"	3	4	2	5	1	1	3	7	5	6	1	1	4	1	5	5	5	5	5	2	6	7	2	1	5	5	7	7	7	7	7	19	5	NA	1	3.2	"No"	"No"	"M"	NA	NA	NA	NA	NA	NA	856.55	80.025	831.95	88.315	851.1	89.25	851.35	82.27	3	"Violent"	"Hard"	0.971280135427004	0.999706348740236
363	1	1	0	1	1	1	0	0	0	0	0	0	0	5	"No"	"No"	1	3	0	365	12	415	244	0	"JL"	"Yes"	3	4	4	1	1	1	4	7	5	6	1	1	6	1	3	5	7	1	1	2	3	7	1	3	4	2	6	5	5	4	4	19	5	NA	1	4.1	"No"	"No"	"M"	NA	NA	NA	NA	NA	NA	914.65	87.165	838.55	87.985	845.9	87.29	914.65	84.885	3	"Less Violent"	"Easy"	0.916798775487892	0.924834636199639
364	1	1	0	0	0	1	0	0	0	0	1	1	0	5	"No"	"No"	4	4	0	298	10	847	150	65	"EW"	"Yes"	5	5	3	5	7	3	5	7	6	6	3	5	3	2	2	5	6	2	2	2	4	7	2	5	5	5	7	6	6	3	7	19	5	NA	1	4	"No"	"No"	"M"	NA	NA	NA	NA	NA	NA	917.4	87.565	896.75	86.11	898.75	88.725	905.3	83.245	5	"Less Violent"	"Hard"	0.977490734684979	0.992764829338341
365	NA	NA	0	NA	1	0	0	0	NA	0	1	1	0	NA	NA	NA	1	1	0	388	16	504	226	0	"HG"	"Yes"	4	3	1	6	3	2	5	6	6	6	2	3	6	2	4	5	5	2	2	3	4	6	3	5	5	4	6	6	5	3	5	19	5	NA	1	3.82	"No"	"No"	"M"	NA	NA	NA	NA	NA	NA	927.5	88.335	922.6	83.715	918.8	88.595	957.8	84.305	4	"Violent"	"Easy"	0.994716981132076	0.959281687199833
368	1	1	1	1	1	1	0	0	0	0	0	1	0	3	"No"	"Maybe"	1	4	3	474	11	1531	139	110	"AS"	"Yes"	5	5	1	1	2	1	5	6	3	2	2	2	2	2	5	2	5	2	2	2	2	6	2	2	4	4	5	5	7	5	6	18	5	NA	1	3	"No"	"No"	"M"	NA	NA	NA	NA	NA	NA	998.9	84.945	978.5	89.735	977.25	88.05	969	88.285	5	"Less Violent"	"Hard"	0.979577535288818	1.00851393188854
369	0	0	1	0	0	1	1	1	0	0	1	0	0	2	"Maybe"	"No"	4	1	0	428	15	0	363	0	"EW"	NA	4	5	3	4	4	4	5	6	6	6	3	2	5	2	5	5	5	3	3	2	2	5	2	4	5	5	5	6	5	6	6	18	5	NA	1	3.6	"No"	"No"	"M"	NA	NA	NA	NA	NA	NA	913.15	81.24	861.5	89.605	856.75	87.66	914.95	82.935	4	"Violent"	"Easy"	0.943437551333297	0.936389966664845
371	0	1	0	0	0	0	0	0	0	0	1	0	0	1	"No"	"Maybe"	4	3	0	513	18	1322	232	0	"EW"	"Yes"	4	4	4	1	4	1	1	6	4	5	1	1	2	2	2	4	5	1	2	2	2	6	2	1	5	5	6	4	4	6	6	18	5	NA	1	3.7	"No"	"No"	"M"	NA	NA	NA	NA	NA	NA	849.4	80.205	804.7	83.51	804.1	89.075	845.35	81.29	4	"Less Violent"	"Easy"	0.947374617376972	0.951203643461288
373	0	1	0	0	0	0	0	0	0	0	1	0	0	4	"No"	"Yes"	1	1	0	428	13	1265	135	0	"JL"	"Yes"	6	5	2	4	1	4	4	6	3	3	2	2	6	2	4	5	6	2	3	2	5	6	3	5	5	5	5	6	5	3	4	19	5	NA	1	2.9	"No"	"No"	"M"	NA	NA	NA	NA	NA	NA	924.25	81.255	886.35	87.515	884.5	85.265	909.35	79.29	6	"Violent"	"Easy"	0.958993778739519	0.972672788255347
375	0	0	0	0	1	0	0	0	0	0	1	0	0	5	"No"	"No"	1	3	0	565	13	2111	168	0	"JL"	"Yes"	2	7	1	5	1	1	6	7	2	4	4	4	1	3	5	5	5	3	1	1	2	7	4	1	2	5	7	7	7	7	7	19	5	NA	1	3.5	"No"	"No"	"M"	NA	NA	NA	NA	NA	NA	940.633333333333	79.1133333333333	NA	85.39	901.066666666667	84.8933333333333	915.933333333333	84.3033333333333	2	"Less Violent"	"Easy"	NA	0.983768833248418
376	0	1	0	0	0	1	0	0	0	0	0	1	0	2	"No"	"No"	1	4	1	183	5	718	55	54	"HG"	"Yes"	5	7	1	7	1	1	7	7	5	7	1	1	1	1	4	5	5	1	2	1	1	7	1	1	7	1	7	4	4	7	3	18	5	NA	1	3	"No"	"No"	"M"	NA	NA	NA	NA	NA	NA	969.45	86.895	908.5	89.59	895.45	88.31	983.9	82.965	5	"Less Violent"	"Hard"	0.937129300118624	0.910102652708609
377	1	1	1	0	0	0	0	1	0	0	1	1	0	5	"No"	"Yes"	4	1	0	385	13	2262	2	0	"RP"	"Yes"	9	7	7	1	1	1	4	7	7	7	1	1	7	1	1	7	7	1	1	1	1	7	1	7	7	7	7	7	7	7	7	20	5	NA	3	2.2	"No"	"No"	"M"	NA	NA	NA	NA	NA	NA	856.65	89	844.25	84.63	826.4	86.735	834.9	88.32	9	"Violent"	"Easy"	0.985525010214207	0.989819140016769
380	0	1	0	0	0	0	0	1	0	0	1	0	0	2	"No"	"No"	1	4	1	407	13	1713	133	77	"JL"	"Yes"	5	4	2	5	2	2	2	6	7	6	3	2	3	1	5	5	3	3	1	2	3	7	3	1	7	5	7	7	5	7	7	19	5	NA	1	3	"No"	"No"	"M"	NA	NA	NA	NA	NA	NA	882.6	81.56	884.8	85.885	845.25	89.025	912.2	83.58	5	"Less Violent"	"Hard"	1.00249263539542	0.926606007454505
382	0	0	0	1	0	0	0	0	0	0	1	1	0	1	"No"	"No"	4	2	3	366	5	1536	91	98	"TM"	"Maybe"	2	4	4	2	1	3	1	3	3	3	5	1	5	1	1	5	2	3	5	2	2	5	2	2	5	5	5	2	5	5	6	18	2	NA	1	2.7	"No"	"No"	"Male"	NA	NA	NA	NA	NA	NA	959.95	86.355	934.9	85.49	931.3	84.825	938.05	86.7	2	"Violent"	"Hard"	0.973904890879733	0.992804221523373
384	0	0	1	0	0	1	0	1	0	0	1	0	0	2	"No"	"No"	4	4	2	251	7	1158	75	63	"TM"	"Yes"	3	7	1	7	2	2	6	6	5	5	3	2	3	3	5	4	5	5	5	3	5	6	2	3	5	5	7	5	5	3	4	19	5	NA	1	3.99	"No"	"No"	"Male"	NA	NA	NA	NA	NA	NA	905.65	84.2	888.2	88.71	866.45	87.32	896.55	85.71	3	"Less Violent"	"Hard"	0.980732070888312	0.96642685851319
385	1	0	0	1	0	0	0	1	0	0	0	1	0	5	"No"	"No"	1	1	0	402	13	532	233	0	"AH"	"Yes"	9	7	1	6	1	1	6	7	7	5	1	1	5	1	6	6	7	1	1	2	4	5	1	5	7	3	3	2	5	7	7	19	6	NA	2	3.8	"No"	"No"	"Male"	NA	NA	NA	NA	NA	NA	866.35	83.67	811.3	79.81	839.35	87.44	873.55	85.31	9	"Violent"	"Easy"	0.936457551797772	0.96084940758972
386	1	0	0	1	1	1	1	0	0	0	1	1	0	5	"No"	"Yes"	4	2	3	215	4	833	58	73	"TM"	"Yes"	5	6	2	4	1	1	7	7	5	6	1	2	6	1	2	5	7	1	5	1	2	7	1	5	7	1	2	2	5	5	7	19	5	NA	1	3.33	"No"	"No"	"Male"	NA	NA	NA	NA	NA	NA	863.05	85.615	860.1	89.17	839	88.02	860.25	84.365	5	"Violent"	"Hard"	0.996581889809397	0.975297878523685
392	0	1	0	1	0	0	0	0	1	0	0	1	0	3	"Maybe"	"Yes"	1	4	2	330	9	1272	81	61	"VP"	"Yes"	5	4	1	1	1	1	4	7	5	5	3	1	2	1	2	6	5	2	2	1	2	6	1	2	5	4	6	5	6	2	3	18	5	NA	1	3.5	NA	NA	"Male"	NA	NA	NA	NA	NA	NA	887	87.315	848.65	88.99	867.25	85.9	882	86.17	5	"Less Violent"	"Hard"	0.956764374295378	0.98327664399093
394	0	1	0	0	0	1	0	0	0	0	0	0	0	1	"No"	"Maybe"	1	2	3	337	10	1144	122	82	"VP"	"Yes"	5	4	1	5	1	1	7	7	7	7	1	1	4	1	1	3	7	1	6	1	1	7	1	1	7	7	7	7	6	7	7	19	3	NA	1	2.8	"No"	"No"	"Male"	NA	NA	NA	NA	NA	NA	839.4	88.46	831.85	74.545	845.3	70.075	845.95	83.48	5	"Violent"	"Hard"	0.991005480104837	0.999231633075241
395	0	0	1	0	0	1	1	0	0	0	0	0	0	1	"Maybe"	"No"	1	3	0	512	17	1882	165	0	"VP"	"Yes"	6	4	4	4	3	3	3	7	5	5	1	2	4	2	3	4	5	3	4	5	3	5	3	5	5	5	7	7	6	6	7	18	5	NA	1	3.7	"No"	"No"	"Male"	NA	NA	NA	NA	NA	NA	894	89.65	837.4	83.795	841.05	89.39	928.65	89.135	6	"Less Violent"	"Easy"	0.93668903803132	0.905669520271362
397	1	1	1	0	1	1	0	1	1	0	1	1	0	4	"Maybe"	"No"	4	1	0	373	14	1750	106	0	"VP"	"Yes"	7	5	1	3	1	1	6	7	7	7	1	3	5	1	5	6	7	5	1	2	1	7	4	6	6	7	7	5	3	5	7	20	5	NA	2	3.55	"No"	"No"	"Male"	NA	NA	NA	NA	NA	NA	853.6	84.385	832.8	83.24	848.65	79.34	853.55	87.32	7	"Violent"	"Easy"	0.975632614807872	0.994259270107199
398	1	1	1	0	0	1	1	1	0	0	1	0	0	1	"Maybe"	"Yes"	1	2	2	259	6	1027	50	69	"JH"	"Yes"	9	6	1	4	1	2	7	7	4	5	5	2	4	2	5	6	6	2	4	1	2	6	2	1	5	6	7	5	5	6	7	19	1	NA	1	3.2	"No"	"No"	"Male"	NA	NA	NA	NA	NA	NA	851.25	83.155	826.85	88.615	812.05	89.575	867.5	84.245	9	"Violent"	"Hard"	0.971336270190896	0.936080691642651
399	1	1	1	0	0	1	0	0	0	0	0	0	0	3	"No"	"Yes"	4	3	0	346	12	1051	138	0	"TM"	NA	6	5	2	6	2	2	6	7	3	5	2	2	1	2	2	5	5	1	1	3	2	5	3	3	2	2	7	6	5	5	6	19	5	NA	1	3.5	"No"	"No"	"Male"	NA	NA	NA	NA	NA	NA	874.8	87.71	820.75	84.585	802.4	84.745	872.15	87.075	6	"Less Violent"	"Easy"	0.938214449016918	0.920025225018632
400	0	1	0	0	0	0	0	0	0	0	1	1	0	1	"No"	"No"	4	4	0	212	7	723	83	30	"TM"	"Yes"	3	1	1	1	4	4	4	7	3	3	3	3	1	1	3	1	5	2	2	3	5	5	3	3	4	5	7	5	6	5	5	19	5	NA	1	3.2	"No"	"No"	"Male"	NA	NA	NA	NA	NA	NA	959.5	83.6	923.3	86.955	924.45	87.425	928.85	85.525	3	"Less Violent"	"Hard"	0.962272016675352	0.995262959573666
401	1	1	0	1	1	0	0	0	0	0	0	0	1	5	"No"	"No"	4	1	0	505	16	211	379	0	"TM"	"Yes"	5	3	3	3	2	3	3	6	5	6	3	3	5	3	3	5	5	2	2	1	2	7	2	2	6	7	7	7	7	7	7	18	5	NA	1	3	"No"	"No"	"Male"	NA	NA	NA	NA	NA	NA	847	82.91	838.8	88.395	824.45	83.725	821.65	86.445	5	"Violent"	"Easy"	0.990318772136954	1.00340777703402
402	1	1	1	0	0	0	0	0	0	0	0	1	0	1	"No"	"Yes"	1	2	1	200	5	1122	27	104	"AH"	"Yes"	9	7	1	7	1	1	7	5	4	5	4	2	5	2	4	6	5	4	4	3	2	6	2	5	5	3	2	2	5	5	2	18	5	NA	1	3.8	"No"	"No"	"Male"	NA	NA	NA	NA	NA	NA	942.55	89.515	926.95	83.02	946.65	88.375	940.1	83.505	9	"Violent"	"Hard"	0.98344915389104	1.00696734389959
403	0	1	0	0	0	1	0	0	0	0	0	1	1	2	"Maybe"	"No"	4	3	0	356	12	1196	152	0	"TM"	"Yes"	4	7	1	7	1	1	7	7	5	6	6	2	4	2	3	6	6	2	3	3	5	5	4	2	6	2	5	2	3	5	6	20	6	NA	1	3.2	"No"	"No"	"Male"	NA	NA	NA	NA	NA	NA	943.6	85.075	958.1	89.105	961	86.78	944.6	86.76	4	"Less Violent"	"Easy"	1.01536668079695	1.01736184628414
404	0	0	0	0	1	0	1	0	0	0	1	0	0	3	"No"	"No"	1	4	3	323	7	1393	143	87	"RP"	"Maybe"	7	7	1	6	1	1	7	5	6	6	6	3	2	1	5	6	6	3	5	2	5	7	1	3	6	5	7	7	6	7	7	21	5	NA	4	3.75	"No"	"No"	"Male"	NA	NA	NA	NA	NA	NA	814.1	87.08	783.6	77.17	795.75	83.4	841.8	86.94	7	"Less Violent"	"Hard"	0.962535315071859	0.945295794725588
406	0	1	0	1	0	1	0	0	0	0	0	1	0	2	"No"	"Yes"	1	2	0	295	9	1012	113	47	"TM"	"Yes"	7	3	4	2	1	1	3	5	7	6	4	3	6	1	6	6	5	3	5	2	5	7	3	4	7	3	6	2	7	6	7	19	1	NA	1	3.7	"No"	"No"	"Male"	NA	NA	NA	NA	NA	NA	872.9	87.51	774.1	80.065	802.3	86.75	883.3	78.865	7	"Violent"	"Hard"	0.886814068049032	0.908298426355712
409	0	1	0	1	0	1	0	0	0	1	1	0	1	3	"No"	"No"	4	1	0	537	19	1089	252	0	"TM"	"Maybe"	5	2	2	2	1	2	2	6	6	6	3	2	6	2	4	6	4	1	1	1	5	7	3	5	7	4	5	5	6	7	7	19	1	NA	1	3	"No"	"No"	"Male"	NA	NA	NA	NA	NA	NA	783.15	83.14	765.65	89.14	743.6	88.995	759.3	83.23	5	"Violent"	"Easy"	0.97765434463385	0.979323060713815
411	0	0	1	0	0	1	0	0	1	0	1	0	0	NA	NA	NA	4	3	0	419	14	1534	169	0	"TM"	"Yes"	6	4	5	4	5	4	4	7	6	5	1	4	3	1	1	4	4	1	4	1	1	6	2	5	4	4	7	7	7	7	4	20	6	NA	1	3.4	"Yes"	"No"	"Male"	NA	NA	NA	NA	NA	NA	943.65	84.075	894.85	87.9	898.75	87.735	926.4	80.055	6	"Less Violent"	"Easy"	0.948285911089917	0.970153281519862
413	0	0	1	0	0	0	0	0	0	0	1	0	0	2	"Yes"	"No"	4	1	0	440	15	731	277	0	"TM"	"Yes"	5	6	1	1	1	1	5	7	6	6	1	2	7	1	2	6	7	1	1	2	5	6	3	5	5	4	7	7	4	4	6	19	5	NA	2	2.8	"No"	"No"	"Male"	NA	NA	NA	NA	NA	NA	940.8	82.15	925.6	89.195	952.65	86.605	968.8	85.65	5	"Violent"	"Easy"	0.983843537414966	0.983329892650702
414	0	1	0	0	0	1	0	0	0	0	0	0	0	2	"Maybe"	"Yes"	4	2	7	325	3	1367	85	126	"TM"	"Yes"	5	5	2	3	1	1	6	5	6	7	3	5	7	2	5	6	7	3	3	4	3	6	1	5	7	5	7	5	3	4	5	19	5	NA	1	1	"No"	"No"	"Male"	NA	NA	NA	NA	NA	NA	865.75	86.89	843.7	85.855	834.65	86.975	872	86.19	5	"Violent"	"Hard"	0.974530753681779	0.957167431192661
415	1	0	1	1	0	1	0	0	0	0	1	1	0	4	"No"	"Maybe"	4	3	0	475	16	1651	166	0	"TM"	"Yes"	5	5	4	3	1	4	3	7	6	6	3	2	4	2	4	4	5	3	1	5	4	6	2	6	6	5	7	6	4	3	7	18	5	NA	1	2.7	"No"	"No"	"Male"	NA	NA	NA	NA	NA	NA	844.85	82.45	810.3	88.38	800.65	85.775	855.4	87.835	5	"Less Violent"	"Easy"	0.959105166597621	0.935994856207622
416	0	1	0	0	0	1	1	1	0	0	0	0	0	2	"No"	"Maybe"	1	4	2	348	9	1074	129	160	"AH"	"Yes"	9	7	1	7	1	1	7	7	7	7	4	3	2	2	2	5	5	5	5	3	3	6	3	5	6	3	5	5	5	2	5	18	5	NA	1	3.95	"No"	"No"	"Male"	NA	NA	NA	NA	NA	NA	842	89.725	831.15	84.305	842.5	89.66	833.75	82.45	9	"Less Violent"	"Hard"	0.987114014251781	1.01049475262369
419	0	1	0	0	0	0	0	0	0	0	1	0	0	3	"No"	"No"	4	3	0	267	22	360	201	0	"RP"	"Yes"	7	4	4	4	1	4	4	7	1	1	1	1	1	1	1	4	5	1	1	1	1	7	1	1	1	1	5	5	7	6	7	23	5	NA	3	3	"No"	"No"	"Male"	NA	NA	NA	NA	NA	NA	980.8	87.725	910.5	83.16	911.9	88.4	992.55	86.775	7	"Less Violent"	"Easy"	0.928323817292007	0.918744647624805
420	0	1	1	0	0	0	0	0	0	0	0	1	0	2	"No"	"No"	1	4	0	479	15	1438	193	53	"RP"	"Yes"	5	5	3	3	1	1	5	6	4	6	2	3	4	3	4	6	6	5	4	3	3	6	3	3	6	NA	NA	NA	NA	NA	NA	NA	NA	NA	NA	NA	"No"	"No"	"Male"	NA	NA	NA	NA	NA	NA	970.65	84.09	930.8	85.56	904.75	84.195	960.05	89.465	5	"Less Violent"	"Hard"	0.95894503683099	0.942398833394094
421	1	0	1	0	0	1	0	0	0	1	1	0	0	2	"Maybe"	"No"	4	1	0	463	15	904	233	0	"TM"	"Yes"	9	7	1	7	1	1	7	7	6	6	1	1	5	1	5	5	6	1	1	1	1	7	1	3	6	7	7	7	7	7	7	18	5	NA	1	3.6	"No"	"No"	"Male"	NA	NA	NA	NA	NA	NA	892.1	81.2	839.5	89.52	843.65	87.83	879.7	77.855	9	"Violent"	"Easy"	0.94103800022419	0.959020120495623
422	1	0	0	0	1	1	0	0	0	0	1	1	0	4	"Maybe"	"Maybe"	1	2	0	343	11	948	150	116	"AH"	"Maybe"	7	6	2	6	2	2	6	7	5	5	3	3	5	1	3	5	6	2	3	5	5	6	3	5	5	5	6	5	5	5	5	19	5	NA	1	3.6	"No"	"No"	"Male"	NA	NA	NA	NA	NA	NA	838.45	86.65	836.35	87.465	832.3	88.555	846.8	83.93	7	"Violent"	"Hard"	0.997495378376767	0.982876712328767
423	0	1	1	0	0	1	0	1	0	1	1	0	0	4	"No"	"Yes"	4	3	0	343	11	247	232	0	"TM"	"Yes"	9	6	1	6	1	1	7	7	4	5	2	1	3	2	2	5	5	3	2	1	2	6	3	4	5	2	6	6	3	3	6	19	5	NA	2	2.9	"No"	"No"	"Male"	NA	NA	NA	NA	NA	NA	924.8	82.575	917.2	86.06	884.95	85.335	912.65	81.65	9	"Less Violent"	"Easy"	0.991782006920415	0.96964882485071
424	0	1	0	0	1	1	0	1	0	0	0	1	0	4	"No"	"No"	1	4	0	340	11	1447	101	53	"AH"	"Yes"	9	2	2	2	1	1	3	6	5	6	2	2	2	2	4	5	6	2	2	2	2	6	2	2	6	5	7	7	5	6	7	19	5	NA	1	3.3	"No"	"No"	"Male"	NA	NA	NA	NA	NA	NA	933.1	81.44	899.3	87.58	872.1	87.935	913.15	84.94	9	"Less Violent"	"Hard"	0.963776658450327	0.955045720856376
425	0	1	0	0	0	0	0	0	0	0	1	0	0	2	"No"	"No"	4	1	0	446	22	2146	87	0	"RP"	"Maybe"	4	4	2	4	1	1	2	6	4	5	2	2	3	2	1	3	6	2	1	1	3	6	2	2	4	6	7	6	7	5	6	19	5	NA	2	2.85	"No"	"No"	"Male"	NA	NA	NA	NA	NA	NA	902.75	84.79	880.8	83.305	861.9	85.34	940.65	83.495	4	"Violent"	"Easy"	0.975685405704791	0.916281294849306
426	0	0	1	0	0	0	0	0	0	0	0	1	0	4	"No"	"No"	1	2	1	202	4	797	85	56	"VP"	"Yes"	5	4	4	4	1	1	1	6	6	6	3	1	1	1	1	4	4	2	2	2	2	5	1	1	7	5	6	7	4	4	7	19	5	NA	1	2	"No"	"No"	"Male"	NA	NA	NA	NA	NA	NA	947.45	83.88	956.1	85.58	943.3	88.785	967.25	82.995	5	"Violent"	"Hard"	1.00912976938097	0.975239079865598
427	0	0	0	1	0	1	0	0	0	0	0	0	0	2	"No"	"Yes"	4	3	0	603	20	49	515	0	"RP"	"Yes"	1	1	7	7	7	7	1	7	5	6	1	1	1	1	1	3	4	1	1	1	1	4	1	1	7	3	6	6	7	7	7	21	5	NA	4	3.4	"No"	"No"	"Male"	NA	NA	NA	NA	NA	NA	867.3	85.905	876.75	87.645	841.9	87.48	879.05	80.505	1	"Less Violent"	"Easy"	1.01089588377724	0.957738467663955
428	0	1	0	0	0	0	0	0	0	0	0	0	0	2	"Yes"	"No"	1	4	14	232	3	214	138	181	"VP"	"Yes"	5	5	3	5	4	2	4	3	5	6	6	4	4	5	7	7	6	7	6	7	6	7	4	3	7	1	1	1	1	1	1	21	5	NA	3	3.61	"No"	"No"	"Male"	NA	NA	NA	NA	NA	NA	996.25	88.795	920.45	85.105	936.75	87.03	971.45	87.525	5	"Less Violent"	"Hard"	0.923914680050188	0.964280199701477
430	0	1	0	0	0	1	1	0	0	0	0	0	0	4	"No"	"No"	4	2	0	311	10	1118	70	47	"TM"	"Maybe"	4	5	2	4	1	1	2	7	7	7	2	3	7	2	5	7	7	1	2	1	5	7	1	2	7	5	7	7	5	6	7	19	5	NA	1	3.712	"No"	"No"	"Male"	NA	NA	NA	NA	NA	NA	931.75	85.015	848.1	89.19	845.15	89.05	941.35	82.37	4	"Violent"	"Hard"	0.910222699221894	0.897806341955702
431	1	1	1	0	1	0	0	0	0	0	1	0	0	2	"No"	"Maybe"	4	3	0	471	16	515	322	0	"TM"	"Yes"	4	4	4	1	1	4	5	7	4	5	1	1	1	1	1	4	5	2	2	1	1	7	1	2	5	5	7	7	6	6	6	18	5	NA	1	3.8	"No"	"No"	"Male"	NA	NA	NA	NA	NA	NA	973.95	79.935	947.8	87.64	938.25	88.78	969.2	84.67	4	"Less Violent"	"Easy"	0.973150572411315	0.968066446553859
433	0	0	1	0	0	0	0	0	0	0	0	1	0	2	"No"	"No"	1	1	0	436	14	2614	6	0	"AH"	"Yes"	7	7	1	5	1	1	7	7	7	7	1	1	7	1	4	7	7	1	1	1	3	7	1	7	7	7	7	7	7	7	7	19	5	NA	1	2.9	"No"	"No"	"Male"	NA	NA	NA	NA	NA	NA	912.65	82.64	871.95	88.225	852.2	83.85	898.7	87.74	7	"Violent"	"Easy"	0.955404591026133	0.948258595749416
434	0	1	0	1	0	1	0	0	0	0	0	1	0	1	"No"	"No"	4	2	4	383	6	1464	92	126	"TM"	"Yes"	9	6	2	3	1	1	4	7	5	5	6	3	6	1	5	5	4	3	5	2	3	6	1	3	6	6	6	6	5	6	7	21	5	NA	3	2.7	"No"	"No"	"Male"	NA	NA	NA	NA	NA	NA	1023.1	86.42	957.3	86.045	948.55	86.87	1032.35	85.445	9	"Violent"	"Hard"	0.935685661225687	0.918825979561195
436	0	0	0	0	1	1	0	0	0	0	1	1	1	3	"Maybe"	"No"	4	4	6	288	3	1181	72	116	"VP"	"Maybe"	3	4	3	2	1	4	4	3	6	6	7	5	2	4	1	5	6	6	7	3	6	4	2	1	6	5	6	2	2	1	5	19	5	NA	1	3	"No"	"No"	"Male"	NA	NA	NA	NA	NA	NA	867.45	79.905	821.05	89.58	805.65	86.42	878.8	81.66	3	"Less Violent"	"Hard"	0.946509885295982	0.916761492944925
439	0	0	0	0	1	1	0	0	0	1	1	1	0	2	"No"	"No"	4	3	0	425	14	681	310	0	"TM"	"Maybe"	6	6	2	1	1	1	6	7	5	5	1	1	1	1	2	4	5	2	3	3	1	7	1	4	5	1	5	3	4	5	5	18	5	NA	1	3.5	"No"	"No"	"Male"	NA	NA	NA	NA	NA	NA	941.25	84.57	914.95	87.43	925.1	87.15	928.05	85.365	6	"Less Violent"	"Easy"	0.972058432934927	0.996821291956252
440	1	1	0	0	1	1	0	1	0	1	1	1	0	5	"No"	"No"	1	4	0	385	13	1958	77	78	"AH"	"Maybe"	4	5	2	4	1	1	3	6	5	5	4	1	4	3	5	5	7	3	2	2	4	7	2	4	6	4	6	6	6	3	4	21	5	NA	3	3	"No"	"No"	"Male"	NA	NA	NA	NA	NA	NA	910.9	84.215	855.15	87.115	870.75	87.63	939.15	83.46	4	"Less Violent"	"Hard"	0.938796794379185	0.927168183996167
442	0	1	1	0	0	1	0	0	0	0	1	0	0	1	"No"	"Yes"	4	2	1	373	12	1419	124	56	"TM"	"Yes"	9	7	6	2	1	4	5	7	7	7	3	2	7	2	7	7	7	4	7	1	5	7	1	2	7	6	7	7	7	2	7	21	5	NA	3	3	NA	NA	"Male"	NA	NA	NA	NA	NA	NA	955.3	81.57	908.1	89.43	879.5	84.915	964.8	86.495	9	"Violent"	"Hard"	0.950591437244845	0.911587893864013
443	0	1	0	0	0	1	0	0	1	0	0	1	0	1	"Yes"	"Yes"	4	3	0	392	17	991	183	0	"TM"	"Yes"	2	5	1	7	1	1	6	6	3	4	3	4	2	2	5	3	5	4	6	4	5	6	6	5	5	3	7	6	4	5	7	19	2	NA	1	3.1	NA	NA	"Male"	NA	NA	NA	NA	NA	NA	866.3	78.215	857.65	87.06	842.75	85.1	858.3	78	2	"Less Violent"	"Easy"	0.99001500634884	0.981882791564721
445	0	0	1	0	0	0	1	0	0	0	0	0	0	2	"No"	"Yes"	4	1	0	439	15	0	368	0	"TM"	"Yes"	7	6	2	5	1	1	5	5	4	5	2	2	6	2	3	5	6	2	1	4	4	6	3	5	4	5	6	5	4	3	4	20	5	NA	2	2.8	NA	NA	"Male"	NA	NA	NA	NA	NA	NA	835.7	82.375	805	89.79	812.35	88.58	816.1	79.41	7	"Violent"	"Easy"	0.963264329304774	0.995404974880529
