"Subno"	"L2d4d"	"R2d4d"	"L_ring_length"	"L_ring_angle"	"L_index_length"	"L_index_angle"	"R_ring_length"	"R_ring_angle"	"R_index_length"	"R_index_angle"	"notes"	"coder"
1	0.959378079491952	0.962846959714872	913.3	88.62	876.2	85.09	925.9	87.46	891.5	86.72	"NA"	"Julian"
2	0.920226130653266	0.899063689680008	955.2	88.98	879	76.58	971.9	87.52	873.8	74.74	"NA"	"Julian"
3	0.967241012550521	0.967859438611528	940.2	87.07	909.4	79.8	933.4	86.87	903.4	81.28	"NA"	"Julian"
4	1.01465872652313	1.01575074729823	873.2	88.2	886	77.22	869.8	86.31	883.5	79.24	"NA"	"Julian"
5	1.01121495327103	0.994408945686901	856	89.93	865.6	79.82	876.4	86.73	871.5	78.82	"NA"	"Julian"
6	0.994397451389652	0.95134414574539	910.3	88.62	905.2	87.02	900.2	88.73	856.4	86.72	"NA"	"Julian"
7	0.966316025067144	0.941019955654102	893.6	87.88	863.5	85.62	902	82.87	848.8	71.95	"NA"	"Julian"
9	0.941086457536343	0.957871396895787	914.9	82.46	861	83.8	902	89.87	864	89.6	"NA"	"Julian"
10	0.937802197802198	0.939364356220848	910	87.35	853.4	88.25	921.9	82.02	866	89.67	"NA"	"Julian"
11	0.926873275313097	0.936794344201752	942.2	86.04	873.3	85.8	947.7	87.82	887.8	87.61	"NA"	"Julian"
12	0.968520220588235	0.973732718894009	870.4	85.78	843	89.73	868	83.85	845.2	88.78	"NA"	"Julian"
13	0.972574850299401	0.962858153519632	835	83.12	812.1	88.94	848.1	85.13	816.6	87.82	"NA"	"Julian"
14	0.911433172302738	0.906589595375723	869.4	86.74	792.4	79.46	865	85.23	784.2	77.63	"NA"	"Julian"
15	0.950840579710145	0.902690829214717	862.5	85.68	820.1	81.45	910.5	88.05	821.9	84.41	"NA"	"Julian"
16	1.00303383897316	0.994672843080486	857	89.53	859.6	78.39	863.5	82.95	858.9	76.74	"NA"	"Julian"
17	0.965113782739373	0.958792679011024	931.6	83.16	899.1	89.11	934.3	80.33	895.8	87.5	"NA"	"Julian"
18	0.985921889191644	0.915449566408033	880.8	79.47	868.4	88.35	876.4	88.3	802.3	84.06	"NA"	"Julian"
19	0.992748783513024	0.977180191269766	1048.1	89.4	1040.5	73.18	1056.1	80.3	1032	83.83	"NA"	"Julian"
20	1.01837655016911	1.00941281936351	887	89.48	903.3	82.24	892.4	88.33	900.8	84.71	"NA"	"Julian"
21	0.933795322361094	0.920931360659714	808.1	89.01	754.6	80.39	824.6	85.41	759.4	76.06	"NA"	"Julian"
22	0.946476170167395	0.957071848169905	937.9	87.49	887.7	82.95	885.2	85.98	847.2	84.31	"NA"	"Julian"
23	0.977216886307795	0.972736231249316	895.4	88.27	875	81.32	913.3	85.1	888.4	85.8	"NA"	"Julian"
24	0.94685534591195	0.945383347073372	954	84.1	903.3	83.77	970.4	88.41	917.4	78.81	"NA"	"Julian"
25	1.00433266406002	1.01293717794102	946.3	86.97	950.4	86.92	912.1	89.31	923.9	84.1	"NA"	"Julian"
26	0.925	0.901973066082055	932	85.38	862.1	89.27	957.9	86.3	864	87.21	"NA"	"Julian"
27	0.973931674800619	0.951398601398601	840.1	85.97	818.2	76.93	858	87.26	816.3	69.79	"NA"	"Julian"
28	0.929913125146748	0.989916594049546	851.8	82.24	792.1	81.29	803.3	84.79	795.2	79.93	"NA"	"Julian"
29	0.955555555555556	0.938620689655172	864	89.87	825.6	84.65	870	86.11	816.6	82.68	"NA"	"Julian"
30	0.982321041214751	0.968574514038877	922	89.44	905.7	82.07	926	89.51	896.9	86.23	"NA"	"Julian"
31	0.924574492888785	0.980049261083744	857.8	86.32	793.1	73.9	812	89.65	795.8	75.37	"NA"	"Julian"
32	0.95712605581097	0.947619564038607	935.3	88.47	895.2	76.37	922.1	87.14	873.8	80.98	"NA"	"Julian"
33	0.916860465116279	1.01757066462949	860	83.26	788.5	87.89	785.4	85.55	799.2	86.84	"NA"	"Julian"
34	0.926658767772512	0.949792776791001	844	84.42	782.1	88.9	844.5	88.1	802.1	84.28	"NA"	"Julian"
35	1.00535733419051	1.04258963233615	933.3	88.59	938.3	77.64	875.8	87.58	913.1	82.83	"NA"	"Julian"
36	0.941385231825987	0.931740614334471	873.5	85.67	822.3	86.72	879	89.67	819	83.06	"NA"	"Julian"
37	0.993446628901477	0.97521230204269	900.3	88.54	894.4	88.21	871.4	88.36	849.8	86.22	"NA"	"Julian"
38	0.960655737704918	0.958290946083418	976	89.65	937.6	81.78	983	83.69	942	89.76	"NA"	"Julian"
39	0.936694924584388	0.937555163283319	908.3	88.49	850.8	87.51	906.4	88.36	849.8	82.22	"Left index finger distorted"	"Julian"
40	0.971783047870004	0.931835047174812	910.8	84.14	885.1	89.22	943.3	82.37	879	90	"NA"	"Julian"
41	0.994850669412976	1.00085535069378	1068.1	77.56	1062.6	88.06	1052.2	86.02	1053.1	83.35	"NA"	"Julian"
42	0.974080902288255	0.992164859933455	922.1	89.13	898.2	88.5	931.7	86.55	924.4	88.3	"NA"	"Julian"
43	0.949661294090166	0.946929316338355	856.2	86.99	813.1	89.3	863	87.21	817.2	83.54	"NA"	"Julian"
44	0.938758151403459	0.963429752066116	1058.1	86.37	993.3	86.13	968	84.78	932.6	87.97	"NA"	"Julian"
45	0.950331611013462	0.96983231635119	975.35	85.645	926.9	86.35	967.9	85.98	938.7	81.33	"NA, NA"	"Julian, Rachel"
46	0.978492662268181	0.975455557994629	804.2	88.72	786.9	79.605	794	88.05	774.5	80.56	"NA, NA"	"Julian, Rachel"
47	0.988036559526976	0.964246951759907	865.15	88.875	854.8	80.675	883.8	81.935	852.2	88.79	"NA, NA"	"Julian, Rachel"
48	0.906453330831212	0.911515279920503	916.65	87.155	830.9	88.24	901.85	87.555	822.05	89.23	"NA, NA"	"Julian, Rachel"
49	0.928929085647153	0.963110991872678	897.4	85.015	833.6	86.42	886.2	86.555	853	89.565	"NA, NA"	"Julian, Rachel"
50	0.954470105124029	0.963047562699935	902.5	87.365	861.05	73.95	897.05	78.815	863.9	70.24	"NA, NA"	"Julian, Rachel"
51	0.984541835007629	0.95166769482454	905.85	85.125	891.85	88.68	912.2	81.235	868.1	89.04	"NA, NA"	"Julian, Rachel"
52	1.01136930906544	1.00061595836989	743.2	88.61	751.65	85.72	732.15	86.205	732.6	81.485	"NA, NA"	"Julian, Rachel"
53	0.942820371308021	0.955331737778774	888.85	85.91	838.05	85.59	860.1	81.01	820.5	89.825	"NA, NA"	"Julian, Rachel"
54	0.979922647471554	0.985154155153654	924.1	85.315	905.55	86.17	926.05	83.71	912.3	87.64	"NA, NA"	"Julian, Rachel"
55	0.972707492154329	0.944374845594315	919.7	83.385	894.6	80.96	942.65	88.09	890.2	79.22	"both ring fingers bent, NA"	"Julian, Rachel"
56	1.00618631932336	0.947382577775633	896	77.13	900.5	88.18	924.05	82.225	875.4	87.415	"NA, NA"	"Julian, Rachel"
57	1.00569003461544	0.983014623172104	882.45	85.8	887.45	86.705	889	89.775	873.9	86.85	"NA, NA"	"Julian, Rachel"
58	0.965469177277381	0.93961018259416	965.9	82.025	932.55	89.665	981.95	85.21	922.65	87.855	"NA, NA"	"Julian, Rachel"
59	0.936028659160696	0.948640837110542	977	89.855	914.5	82.43	973.1	89.295	923.05	89.54	"NA, NA"	"Julian, Rachel"
60	0.884168109821132	0.918952126147455	878.2	87.025	776.45	88.05	856.45	87.355	787.05	89.535	"NA, NA"	"Julian, Rachel"
61	0.957370475193281	0.96416997095665	839.8	82.195	804	89.93	845.4	81.67	815.1	87.045	"NA, NA"	"Julian, Rachel"
62	1.00659390866263	0.989709051238903	892.45	86.175	897	82.6	863.05	86.53	853.3	85.365	"NA, NA"	"Julian, Rachel"
63	0.952600892810016	0.969439101161515	827.25	81.945	788.05	89.525	816.45	74.59	791.5	82.375	"NA, NA"	"Julian, Rachel"
64	0.996786226353204	0.988871183352127	928.85	85.525	925.85	85.51	943.55	86.87	933.05	89.325	"NA, NA"	"Julian, Rachel"
65	1.03761181556648	1.01676960514506	897.35	87.48	931.1	89.14	919.05	85.725	934.45	85.46	"NA, NA"	"Julian, Rachel"
66	0.928696691303077	0.956375897377118	1024.5	86.42	951.45	83.605	1014.3	87.12	970.05	82.625	"NA, NA"	"Julian, Rachel"
67	0.976473399825327	0.971112404161697	888.6	85.615	867.7	88.915	899.45	88.38	873.45	87.365	"NA, NA"	"Julian, Rachel"
68	0.980292621740802	0.961364832586113	880.5	86.68	863.15	80.395	887.85	80.63	853.55	72.055	"NA, NA"	"Julian, Rachel"
69	0.959786675498716	0.919150484339476	944.95	84.445	906.95	86.3	968.5	80.79	890.2	88.745	"NA, NA"	"Julian, Rachel"
70	0.971779614097627	0.977326906694342	861.1	89.375	836.55	89.35	864.55	82.965	844	88.03	"NA, NA"	"Julian, Rachel"
71	0.947025901199624	0.931683903549618	891	86.69	843.8	83.295	885.6	87.93	825.1	89.1	"NA, NA"	"Julian, Rachel"
72	0.937886979398472	0.935755972755247	943.65	82.695	885.05	89.445	931.5	89.755	871.65	83.775	"NA, NA"	"Julian, Rachel"
73	0.952087749686229	0.928868042850761	922.55	89.505	878.35	82.35	951.6	86.685	883.9	87.47	"NA, NA"	"Julian, Rachel"
74	0.937474183493724	0.968137570890793	796.45	83.62	746.65	78.835	783.6	89.385	758.6	85.73	"NA, NA"	"Julian, Rachel"
75	0.960942601566298	0.932287954383464	820.7	81.425	788.2	88.8	841.8	80.425	784.8	81.425	"NA, NA"	"Julian, Rachel"
76	0.957354140299903	0.943089770883325	960.9	86.9	919.9	85.86	953.25	82.705	899	89.81	"NA, NA"	"Julian, Rachel"
77	0.986665221162186	0.967031751299923	922.4	85.09	910.1	87.23	903.9	79.93	874.1	75.96	"NA"	"Julian"
78	0.920814563269942	0.941325326288919	933.9	82.305	859.95	88.335	920.95	87.64	866.9	85.005	"NA, NA"	"Julian, Rachel"
79	0.961216998143673	0.981930317597185	899.7	88.885	864.8	85.39	890.5	87.33	874.4	86.265	"NA, NA"	"Julian, Rachel"
80	0.922781310037946	0.87208384675068	891.55	86.625	822.7	79.705	916.2	80.455	799	89.75	"NA, NA"	"Julian, Rachel"
81	0.921386432823749	0.915675378567615	1000.65	89.11	921.7	86.52	998.5	86.385	914.3	75.33	"NA, NA"	"Julian, Rachel"
82	0.986566974502941	0.936732066429009	834.6	89.185	822.3	79.485	887.2	86.645	831	82.29	"NA, NA"	"Julian, Rachel"
83	1.0058418827995	0.981755037725999	871.4	84.93	876.5	83.61	891	82.395	874.7	86.495	"NA, NA"	"Julian, Rachel"
84	0.940114388247168	0.924986149584487	891.7	87.75	838.3	85.76	902.5	88.03	834.8	81.67	"NA"	"Julian"
85	0.960106590663519	0.953464813247647	1006.45	88.35	966.3	86.085	965.35	84.905	919.4	88.38	"NA, NA"	"Julian, Rachel"
86	0.94269783580748	0.941656152643915	917.1	85.37	864.55	89.47	929.05	89.415	874.85	83.665	"NA, NA"	"Julian, Rachel"
87	0.937577793894893	0.937656342800455	871.45	88.125	816.35	85.68	874.25	88.69	819.2	86.855	"NA, NA"	"Julian, Rachel"
88	0.982276503103281	0.970241589885415	880.15	86.515	864.55	87.445	866.3	86.34	840.1	85.08	"NA, NA"	"Julian, Rachel"
89	1.02231342993559	0.969326919139766	901.2	88.73	921.2	83.64	910.3	85.59	882.4	88.31	"NA, NA"	"Julian, Rachel"
90	0.98235045470961	1.04059309432517	855	89.56	839.9	85.695	831.7	88.79	865.45	81.095	"NA, NA"	"Julian, Rachel"
91	1.03387618814642	1.03226418684646	859.15	87.84	888.05	85.675	847.85	87.825	874.925	88.95	"NA, NA"	"Julian, Rachel"
92	0.995017536133872	0.950028335076666	873.5	89.54	869.15	84.755	879.45	86.22	835.5	84.405	"NA, NA"	"Julian, Rachel"
93	0.969257818341357	0.976454430266577	829.45	85.61	803.95	76.29	825.35	87.465	805.9	86.65	"NA, NA"	"Julian, Rachel"
94	0.925969063177536	0.909087960350847	1015.5	81.19	940.3	86.49	988.9	78.63	899	83.935	"NA, NA"	"Julian, Rachel"
95	0.942406716877335	0.943410913360608	908.85	85.9	856.5	89.665	918.9	82.715	866.9	88.345	"NA, NA"	"Julian, Rachel"
96	0.929783435430799	0.934773899992056	858.8	77.835	798.5	82.41	862.4	79.345	806.15	87.69	"NA, NA"	"Julian, Rachel"
97	0.977988165623585	0.968011160842895	865.55	85.64	846.2	86.955	872	83.915	844.1	89.12	"NA, NA"	"Julian, Rachel"
98	0.998551287045832	0.974207390405535	897.9	87.485	896.6	84.56	925.2	80.89	901.35	88.41	"NA, NA"	"Julian, Rachel"
99	0.984548475186621	0.9929080765213	884.5	88.12	870.85	83.975	894.05	85.285	887.7	87.775	"NA, NA"	"Julian, Rachel"
100	0.930408748520408	0.940278056990278	911.2	87.76	847.4	77.875	898.7	82.74	844.5	74.055	"NA, NA"	"Julian, Rachel"
101	0.984004473662331	0.94666039345722	925.95	88.335	911.1	79.05	926.05	88.085	876.65	83.41	"NA, NA"	"Julian, Rachel"
102	0.907228406156077	0.897936737644468	909.75	81.85	825.35	88.44	895.85	79.425	804.4	88.22	"NA, NA"	"Julian, Rachel"
103	0.902732715055557	0.926347345649414	942.1	88.09	850.4	88.315	934.7	87.885	865.85	88.31	"NA, NA"	"Julian, Rachel"
104	0.87867798010402	0.863378969110131	888.95	88.195	781.1	82.015	921.15	87.915	795.3	83.685	"NA, NA"	"Julian, Rachel"
105	0.951930269224712	0.952542115781821	933.7	88.745	888.8	86.45	922.9	88.415	879.1	85.6	"NA, NA"	"Julian, Rachel"
106	0.944121010418266	0.931036387944598	946.65	86.605	893.75	85.12	963.55	88.245	897.05	85.72	"NA, NA"	"Julian, Rachel"
107	0.922421236757044	0.942963490134791	899.65	84.16	829.85	79.695	886.7	78.065	835.85	74.775	"NA, NA"	"Julian, Rachel"
108	0.91807274128573	0.9396337044665	912.4	84.715	837.65	76.36	885.4	87.485	831.4	75.8	"NA, NA"	"Julian, Rachel"
109	0.972866802041324	0.969410035062069	888.3	85.515	864.2	88.94	887.05	89.35	860	89.535	"NA, NA"	"Julian, Rachel"
110	0.910710941991464	0.906278118482356	1018	86.935	927.1	83.715	1008.6	87.385	914.05	89.59	"NA, NA"	"Julian, Rachel"
111	0.973351163789706	0.974667525257361	900.45	84.01	876.45	87.515	894.05	84.93	871.4	87.435	"NA, NA"	"Julian, Rachel"
112	0.979726328362517	1.00209985918858	902.65	80.435	884.35	69.995	889.1	84.84	890.7	80.895	"NA, NA"	"Julian, Rachel"
113	0.965963832142657	0.996853976491341	859.1	85.595	829.85	87.445	835.45	81.31	831.55	89.515	"NA, NA"	"Julian, Rachel"
114	0.944208592536999	0.959889383219457	941.05	88.055	888.55	82.82	947.35	87.55	909.35	83.78	"NA, NA"	"Julian, Rachel"
115	0.921074013717339	0.927837302358382	931.25	88.71	857.75	83.94	918.7	83.875	852.4	88.215	"NA, NA"	"Julian, Rachel"
116	0.959496764717758	0.955889696049715	891	75.625	853.4	86.205	908.7	79.725	867.55	89.24	"NA, NA"	"Julian, Rachel"
117	0.935887439235625	0.938003506579487	976.4	82.94	913.8	88.53	968.3	84.075	908.25	88.83	"NA, NA"	"Julian, Rachel"
118	1.01777683576824	1.0175661585653	832.9	81.025	847.7	88.75	853.65	80.115	868.35	86.795	"NA, NA"	"Julian, Rachel"
119	0.964019656171816	0.936000524843742	886.6	84.855	854.7	87.75	905.6	86.275	847.6	85.13	"NA, NA"	"Julian, Rachel"
120	0.960969543707555	0.938165620709422	910.55	83.98	875	87.285	901.7	86.535	845.95	83.825	"NA, NA"	"Julian, Rachel"
121	0.959836166795123	0.939270347332755	883.9	81.64	848.4	87.435	899.35	83.59	844.7	87.66	"NA, NA"	"Julian, Rachel"
122	0.918756627777433	0.902351521051562	967.8	82.29	887.9	86.255	997.05	84.945	899.65	83.3	"NA, NA"	"Julian, Rachel"
123	1.02631378713375	0.998490568030641	932.9	85.915	957.45	85.175	934.75	87.17	932.5	82.515	"NA, NA"	"Julian, Rachel"
124	0.957046423785152	0.959113791114245	962.9	85.565	921.55	86.74	955.35	87.665	916.3	86.935	"NA, NA"	"Julian, Rachel"
125	1.00666889257716	1.00427245281873	1055.65	82.46	1062.7	89.085	1037.55	80.135	1041.75	87.885	"NA, NA"	"Julian, Rachel"
126	0.941801149614576	0.927857283676351	1011.2	88.84	952.35	88.525	1027.75	88.86	953.6	84.675	"NA, NA"	"Julian, Rachel"
127	0.934371757219249	0.907621499887922	905.1	87.945	845.7	76.705	925.5	89.535	840	76.855	"NA, NA"	"Julian, Rachel"
128	1.02797486146361	1.02557488765881	902.4	88.45	927.6	81.975	862.05	84.445	884	86.75	"NA, NA"	"Julian, Rachel"
129	0.968050260613144	0.957687525369383	916.55	89.345	887.25	82.72	931.15	84.3	891.75	88.715	"NA, NA"	"Julian, Rachel"
130	0.902758473450381	0.905351574013395	923.4	81.41	833.6	89.11	934	81.63	845.6	89.015	"NA, NA"	"Julian, Rachel"
131	0.954141124095973	0.940634581602415	910.25	84.5	867.7	86.185	914.95	85.205	859.8	87.82	"NA, NA"	"Julian, Rachel"
132	1.00134194795771	0.987609991179437	877.95	85.34	879.05	86.6	887.25	87.365	876.25	86.51	"NA, NA"	"Julian, Rachel"
133	0.97294432244334	0.916786322977955	962.8	79.955	936.75	85.255	997.7	80.47	914.65	89.06	"NA, NA"	"Julian, Rachel"
134	0.913265451163296	0.923321799387057	998.1	84.195	911.55	86.905	998.7	81.795	922.15	88.975	"NA, thumbs blocking fingers a little bit"	"Julian, Rachel"
135	0.945432295969548	0.943008460432447	1040.2	88.845	983.45	83.295	1045.2	81.995	985.65	88.89	"NA, NA"	"Julian, Rachel"
136	0.95360836325424	0.952884843430055	856.9	84.575	817.15	85.825	862.15	84.95	821.5	89.79	"NA, NA"	"Julian, Rachel"
137	0.959668307317034	0.957836044511805	901.65	86.125	865.3	83.205	874.35	84.67	837.4	84.505	"NA, NA"	"Julian, Rachel"
138	0.939689311083044	0.904629418022422	896.8	88.705	842.35	82.185	944.8	87.66	854.7	83.08	"NA, NA"	"Julian, Rachel"
139	0.959004202030638	0.96250654803049	862	88.095	826.45	85.175	864.35	88.52	831.35	81.875	"NA, NA"	"Julian, Rachel"
140	0.96947903143909	0.969469365693463	813.8	81.62	788.1	71.43	820	86.535	794.3	73.73	"NA, NA"	"Julian, Rachel"
141	0.947416770869062	1.01367417577577	860.55	89.435	815.3	80.255	834	88.04	845.4	75.795	"NA, right hand peeling, hard to tell what was what"	"Julian, Rachel"
142	0.966088379278161	0.954629150346889	827.15	88.89	799.1	83.855	852.7	85.23	814.05	83.995	"NA, NA"	"Julian, Rachel"
143	0.933437534913109	0.938010950054852	941.25	87.105	878.6	84.485	929.2	88.89	871.6	81.72	"NA, NA"	"Julian, Rachel"
144	0.959202054200028	0.963242467289382	875.65	89.185	839.9	84.465	862.4	80.895	830.7	78.16	"NA, NA"	"Julian, Rachel"
145	1.02404940479085	0.964981970326084	862.25	82.625	882.05	89.415	886.15	80.16	855.15	87.85	"NA, NA"	"Julian, Rachel"
146	0.965203391986943	0.956500773739498	902.5	82.035	870.7	88.94	917.5	88.125	877.6	89.185	"NA, NA"	"Julian, Rachel"
147	0.940024768858289	0.950844207941056	867.85	87.59	815.8	80.44	873.75	87.675	830.8	82.145	"NA, NA"	"Julian, Rachel"
148	0.988490028490028	1.01575702215118	877.5	87.98	867.4	76.94	875.8	87.51	889.6	78.92	"NA"	"Julian"
149	0.950953280498011	0.980505908225649	887.05	78.535	843.4	80.995	873.1	81.52	855.05	89.43	"NA, NA"	"Julian, Rachel"
150	0.970237618602759	0.993178833638936	887	89.615	860.6	89.235	857.65	87.06	851.8	84.61	"NA, NA"	"Julian, Rachel"
151	0.975223384236337	0.984254214063184	861.75	85.46	838.8	82.24	858.3	85.8	843.6	81.14	"NA, NA"	"Julian, Rachel"
152	0.938918821687416	0.907355355161003	953.65	81.435	895.4	88.43	951.55	89.52	863.4	81.385	"NA, NA"	"Julian, Rachel"
153	0.920511547117456	0.961872550138905	964.25	85.655	887.6	89.13	916.75	87.765	879.95	82.525	"NA, NA"	"Julian, Rachel"
154	0.971922278792249	0.962947790124983	883.25	85.455	858.45	81.73	881.15	89.025	848.5	86.62	"NA, NA"	"Julian, Rachel"
155	0.965013980430562	0.957043933151248	923.65	87.49	891.3	80.28	923.1	87.95	883.45	82.095	"NA, NA"	"Julian, Rachel"
156	0.983736655063323	0.998469460396519	828.8	85.37	815.3	88.74	815.3	88.42	814.05	89.335	"NA, NA"	"Julian, Rachel"
157	0.949216848501317	0.963380262043881	935.3	87.675	887.8	78.665	890.05	89.385	857.45	83.845	"NA, NA"	"Julian, Rachel"
158	1.02111282164064	1.11293238519947	909.4	88.3	928.6	88.03	829.7	80.97	923.4	88.26	"Multiple folds on left ring finger"	"Julian"
159	0.999057250009944	0.978248065682478	897.9	88.375	897.05	89.3	898.8	87.64	879.25	83.73	"NA, NA"	"Julian, Rachel"
160	0.9374329326896	0.941090935263135	984.6	80.47	923	88.32	979.7	82.17	922	89.78	"NA, NA"	"Julian, Rachel"
161	0.949852137591997	0.989045560687362	890.25	84.46	845.6	84.74	865.2	85.11	854.85	76.295	"NA, NA"	"Julian, Rachel"
162	0.907214882201786	0.927303464137539	757.15	89.125	686.9	81.085	759.3	83.57	704.1	88.98	"NA, NA"	"Julian, Rachel"
163	1.01507719198297	1.07275224544685	822	85.535	834.4	85.295	797.85	83.705	855.9	88.67	"NA, NA"	"Julian, Rachel"
164	0.91685889182262	0.91920308463694	909.9	77.69	834.25	88.49	893.9	80.685	821.5	89.545	"NA, NA"	"Julian, Rachel"
165	0.913873694411473	0.943024714168934	877.85	85	802.25	84.89	871.25	83.615	821.6	84.695	"NA, NA"	"Julian, Rachel"
166	0.974889580585971	0.971269741334486	830.25	84.575	809.4	85.145	822.7	83.615	799.05	83.895	"NA, thumbs blocking fingers a little bit"	"Julian, Rachel"
167	0.972249524448933	0.965422105256672	927.3	82.63	901.55	89.24	932.75	81.505	900.4	87.45	"NA, NA"	"Julian, Rachel"
168	0.991993865412916	0.982340994058283	980.1	83.38	972.25	88.67	968.25	84.15	950.8	88.495	"NA, NA"	"Julian, Rachel"
169	1.00058810534256	1.00025938115779	856.65	87.76	857.15	89.03	848.75	86.39	848.95	88.345	"NA, NA"	"Julian, Rachel"
170	1.00998941529006	0.965558863457081	825.95	86.56	834.2	78.52	860.85	77.825	831.2	84.615	"NA, NA"	"Julian, Rachel"
171	0.975481120225817	0.948255597455077	915.65	87.965	893.2	79.975	907.75	88.645	860.8	81.58	"NA, NA"	"Julian, Rachel"
172	0.934601226546334	0.933469237407929	914.45	84.04	854.65	89.095	909.55	82.865	849	88.045	"NA, NA"	"Rachel, Taylor"
173	0.977034457997959	0.977273514123337	840.7	87.68	821.4	79.08	851.8	86.265	832.45	81.385	"NA, NA"	"Rachel, Taylor"
174	0.970726883467497	0.947475322644949	898.95	83.46	872.6	87.9	899.65	82.785	852.4	88.495	"NA, NA"	"Rachel, Taylor"
175	0.956209600449973	0.943342703500876	940.8	86.985	899.6	85.6	911.6	89.15	859.85	86.765	"NA, NA"	"Rachel, Taylor"
176	1.00367123117069	0.954763418213852	766.25	86.145	769.05	82.335	777	84.605	741.85	80.925	"NA, NA"	"Rachel, Taylor"
177	0.967273152196396	0.969720551563511	928.5	86.23	898.1	77.715	887.6	89.165	859.2	78.86	"NA, NA"	"Rachel, Taylor"
178	0.926809302798846	0.946950353242423	999.45	85.635	926.3	82.085	985.85	87.615	933.55	83.2	"NA, NA"	"Rachel, Taylor"
179	0.928460345918173	0.908955737149275	879.25	82.155	816.35	83.42	876.35	81.4	796.55	89.35	"NA, NA"	"Rachel, Taylor"
180	1.0084440521483	1.03597564932167	917.8	81.48	925.55	89.32	889.4	78.655	921.25	82.5	"NA, NA"	"Rachel, Taylor"
181	0.996640167253785	0.991632204048227	969.45	82.055	966.15	89.11	954.15	85.375	946.15	86.12	"NA, NA"	"Rachel, Taylor"
182	0.960285299745833	0.945693409406123	874.2	80.035	839.5	89.725	889.6	85.62	841.3	84.54	"NA, NA"	"Rachel, Taylor"
183	0.990077535696278	0.977423135015188	896.7	88.94	887.8	83.73	900.9	85.03	880.545	78.735	"NA, NA"	"Rachel, Taylor"
184	0.961134403835615	0.946684795015243	939.85	81.93	903.3	81.98	945	86.785	894.55	78.49	"NA, NA"	"Rachel, Taylor"
185	0.942240641986735	0.944188188223958	984.95	84.585	928	82.02	978.3	85.28	923.7	77.56	"NA, NA"	"Rachel, Taylor"
186	0.95824408562589	0.964641453147454	924.85	87.55	886.25	85.04	932.05	89.445	899.1	79.49	"NA, NA"	"Rachel, Taylor"
187	1.04243667799812	1.03258754414855	913.55	79.505	952.2	84.44	903.2	83.55	932.65	88.985	"NA, NA"	"Rachel, Taylor"
188	0.975562844798291	0.945477982931753	870.05	82.98	848.25	71.325	875.55	89.605	827.8	78.78	"NA, NA"	"Rachel, Taylor"
189	0.991293445845302	1.03072145631462	953.7	89.01	945.4	85.94	923	84.685	951.35	88.525	"NA, right hand was kinda weird, right ring was set higher in hand"	"Rachel, Taylor"
190	1.03221924492788	1.02089673651802	844.65	80.7	871.8	83.145	830.45	82.56	847.8	84.245	"NA, NA"	"Rachel, Taylor"
191	0.911945662205814	0.952303331041778	932.5	89.84	847.95	85.64	889.05	87.23	846.65	81.58	"NA, NA"	"Rachel, Taylor"
192	1.00753674636169	1.00248498285496	810.8	84.09	816.75	86.84	810.2	85.365	812.2	88.9	"NA, NA"	"Rachel, Taylor"
193	0.955748146903161	0.963708221242921	907.05	85.355	866.9	88.48	916.9	79.16	883.6	85.23	"NA, NA"	"Rachel, Taylor"
194	1.00579265259374	1.02501611359366	863.3	81.14	868.3	85.835	842.2	83.08	863.3	86.355	"NA, NA"	"Rachel, Taylor"
195	0.905708350067009	0.920809339689871	891.3	85.105	807.25	87.555	884.55	83.02	814.5	89.65	"NA, NA"	"Rachel, Taylor"
196	0.911850850064118	0.935521581545666	991.7	85.4	904.3	88.48	987.35	82.785	923.75	87.705	"NA, right hand index unclear"	"Rachel, Taylor"
197	0.992959168986861	1.01471006157075	886.85	82.875	880.6	89.185	873.55	78.995	886.4	87.48	"NA, NA"	"Rachel, Taylor"
198	0.946582284879866	0.931165723153443	987.55	86.75	934.8	88.62	986.2	85.405	918.3	87.63	"NA, NA"	"Rachel, Taylor"
199	0.960944178020925	0.962490137216042	883.05	89.445	848.55	84.08	869.2	88.815	836.6	89.18	"NA, NA"	"Rachel, Taylor"
200	0.987910044794256	0.964356226875033	913.5	89.75	902.45	86.29	911.65	83.07	879.15	89.055	"NA, NA"	"Rachel, Taylor"
201	0.983905474616119	0.979752456890728	857.45	88.165	843.65	82.785	857.55	87.96	840.2	89.52	"NA, NA"	"Rachel, Taylor"
202	0.964418878750813	0.977384503780072	886.4	84.305	854.85	88.39	890.95	83.685	870.8	88.52	"NA, NA"	"Rachel, Taylor"
203	0.94904409749297	0.942568153608819	847.65	89.055	804.45	77.545	842.55	89.42	794.15	81.785	"NA, NA"	"Rachel, Taylor"
204	0.902692858754065	0.934526583705784	860.85	84.965	777.1	82.53	865.25	86.985	808.6	87.805	"NA, NA"	"Rachel, Taylor"
205	0.861645211775709	0.89844763632804	1105.15	88.11	952.25	75.4	1069.7	84.95	960.95	78.75	"NA, 2 pictures b/c huge hands"	"Rachel, Taylor"
206	0.983301151361553	0.991682141588448	968.95	88.36	952.5	88.225	997.55	85.165	989	89.48	"NA, NA"	"Rachel, Taylor"
207	0.977623020033962	0.958565807696188	934.65	84.925	913.5	89.845	943.5	86.78	904.05	89.615	"NA, NA"	"Rachel, Taylor"
208	0.89589963913139	0.914355080712783	906.8	87.63	812.4	88.2	892.95	87.365	816.45	85.535	"NA, NA"	"Rachel, Taylor"
209	0.948313534571354	0.908228940520467	930.6	89.975	882.5	89.58	933.85	83.575	848	89.63	"NA, NA"	"Rachel, Taylor"
210	0.973243339197327	0.989624441451086	906.2	83.285	881.95	88.18	874.25	76.605	864.5	86.165	"NA, NA"	"Rachel, Taylor"
211	0.977245335892776	1.00303949225115	887.7	87.03	867.5	83.28	889.7	88.74	892.4	82.365	"NA, NA"	"Rachel, Taylor"
212	0.977166960973396	0.982491542530432	791.65	88.945	773.4	88.11	793.9	84.68	779.55	89.23	"NA, NA"	"Rachel, Taylor"
213	0.951179905991675	0.955640894178893	891.1	89.135	847.6	86.52	890.15	88.87	850.65	78.645	"NA, NA"	"Rachel, Taylor"
214	0.952520788022401	0.98857592274481	821.55	87.905	782.6	85.815	775.65	83.075	766.2	83.33	"NA, NA"	"Rachel, Taylor"
215	0.959083231581048	0.950615349912103	938.4	88.47	900	84.96	926.15	85.29	880.4	88.34	"NA, NA"	"Rachel, Taylor"
216	1.03202381407358	1.01052736106774	824.4	78.44	850.6	81.41	816.8	86.81	825.4	78.925	"NA, NA"	"Rachel, Taylor"
217	0.916691842785817	0.928292919612964	918.95	88.31	842.4	81.225	912.85	83.805	847.4	88.35	"NA, NA"	"Rachel, Taylor"
218	0.952946627097069	0.950552888393861	849.7	88.82	809.75	86.215	866.4	83.605	823.6	89.235	"NA, NA"	"Rachel, Taylor"
219	0.919722879999903	0.955444534051111	959.35	85.245	882.3	86.64	925.05	85.35	883.85	87.505	"NA, NA"	"Rachel, Taylor"
220	0.960077276707454	0.98072998187786	811.6	89.115	779.25	86.795	812.25	88.66	796.6	87.95	"NA, NA"	"Rachel, Taylor"
221	0.936900617021684	0.922176824039219	801.15	85.92	750.6	86.26	795.4	83.325	733.5	89.45	"NA, NA"	"Rachel, Taylor"
222	0.945236337215077	0.95097631145349	943.95	81.655	892.3	76.9	943.55	87.27	897.3	86.9	"NA, NA"	"Rachel, Taylor"
223	0.899395974778122	0.918201385947065	916.45	88.185	824.25	88.505	912.7	84.26	837.85	77.665	"NA, NA"	"Rachel, Taylor"
224	0.950711650908501	0.968167815415359	888.5	89.935	844.7	67.69	873.45	88.195	845.65	76.14	"NA, NA"	"Rachel, Taylor"
225	0.951565791127042	0.957855373854257	893.45	85.345	850.15	89.055	885.5	82.535	848.15	87.09	"NA, NA"	"Rachel, Taylor"
226	0.969161929610698	0.973114296910573	894.25	83.79	866	80.89	896.35	84.03	871.9	81.595	"NA, NA"	"Rachel, Taylor"
227	0.949468724255318	0.939242364977608	857.05	88.095	813.75	88.73	878.75	85.89	825.35	82.865	"NA, crooked finger, little unclear"	"Rachel, Taylor"
228	0.941457608677987	0.937675371116254	912.1	87.96	858.75	77.685	923.35	85.495	865.85	81.84	"NA, NA"	"Rachel, Taylor"
229	1.01329719688994	1.02868368033887	974.6	79.12	987.55	79.82	963.15	79.83	990.75	79.62	"NA, NA"	"Rachel, Taylor"
230	0.921710655832631	0.933597342838736	934.2	87.12	861.05	81.48	910.1	82.865	849.65	83.68	"NA, NA"	"Rachel, Taylor"
231	0.941304339297556	0.992017961354218	909.05	84.99	855.5	85.645	917.5	85.785	910.8	86.845	"NA, NA"	"Rachel, Taylor"
232	0.963919553675863	0.94962040644468	864.4	79.94	833.2	85.87	850.45	83.23	806.05	89.36	"NA, NA"	"Rachel, Taylor"
233	0.999505120178647	0.969481885455161	931.5	85.805	930.1	89.135	963.8	87.085	934.35	82.56	"NA, NA"	"Rachel, Taylor"
234	0.962418318704486	0.957795546125708	901.1	83.915	867.25	87.655	898	84.245	860.1	87.835	"NA, NA"	"Rachel, Taylor"
235	0.93660737358749	0.914234249578734	875.55	89.28	820.05	89.58	874.2	88.785	799.2	84.87	"NA, NA"	"Rachel, Taylor"
236	0.979500958949176	0.9906894543367	982.2	87.84	962.05	89.315	969.7	85.71	960.7	88.745	"NA, NA"	"Rachel, Taylor"
237	0.906765436015241	0.959514980303622	1008.05	84.85	914.1	87.205	991.75	82.61	951.6	89.43	"NA, NA"	"Rachel, Taylor"
238	0.932458232163511	0.91113122695928	963.05	78.015	897.9	88.24	986.9	87.595	899.35	84.72	"NA, NA"	"Rachel, Taylor"
239	0.942916000138128	0.961607298718809	922.1	87.915	869.5	84.16	906.35	85.065	871.55	81.76	"NA, NA"	"Rachel, Taylor"
240	0.936537027479282	0.966220183433615	985.55	85.9	922.95	85.405	968.5	88.23	935.75	80.03	"NA, NA"	"Rachel, Taylor"
241	0.962607067787765	0.991670676552972	928.25	83.41	893.55	78.15	898.55	89.395	891.05	77.82	"NA, NA"	"Rachel, Taylor"
242	0.872778583861105	0.875364205348702	884.6	89.16	772.05	84.53	899.8	85.12	787.65	89.12	"NA, NA"	"Rachel, Taylor"
243	0.987476017375166	0.987196651789263	890.05	87.2	878.9	87.425	892.7	78.105	881.25	85.51	"NA, NA"	"Rachel, Taylor"
244	0.955290413490174	0.964519062240396	895.35	82.69	855.3	88.39	912.4	84.69	880	86.155	"NA, NA"	"Rachel, Taylor"
245	0.972276335918428	0.963664046719813	937.25	87.83	911.25	87.04	952.15	83.485	917.55	89.375	"NA, NA"	"Rachel, Taylor"
246	0.917479108635098	0.972708610071247	861.6	86.54	790.5	86.45	828.1	89.31	805.5	82.15	"NA"	"Rachel"
247	0.990656284760845	0.980394353573829	899	89.55	890.6	75.7	892.6	86.53	875.1	75.44	"NA"	"Rachel"
248	0.938327004947647	0.963877883943137	869.1	87.1	815.5	83.95	858.2	85.05	827.2	86.95	"NA"	"Rachel"
249	0.878808795976728	0.896955503512881	1014.1	83.2	891.2	86.98	1024.8	82.49	919.2	86.01	"NA"	"Rachel"
250	0.904906314307376	0.920161471181879	923.3	84.47	835.5	87.94	891.8	82.91	820.6	87.83	"NA"	"Rachel"
251	0.955015134119612	0.978198140429625	958.1	87.31	915	89.74	935.7	87.8	915.3	86.99	"NA"	"Rachel"
252	0.960673522431913	0.946372592924317	884.9	83.97	850.1	85.95	893.2	81.76	845.3	88.51	"NA"	"Rachel"
253	0.97319932998325	0.945675105485232	955.2	85.32	929.6	84.32	948	90	896.5	82.57	"NA"	"Rachel"
254	0.920607939206079	0.912230800487607	1000.1	86.27	920.7	86.51	984.4	88.37	898	85.34	"NA"	"Rachel"
255	0.920580033463469	0.935167218354069	896.5	88.02	825.3	83.53	876.1	89.22	819.3	84.82	"NA"	"Rachel"
256	0.945931419972052	0.984358027373452	930.3	86.98	880	86.16	920.6	88.01	906.2	84.49	"NA"	"Rachel"
257	0.955093503937008	0.982451742291301	812.8	85.2	776.3	85.57	797.8	87.49	783.8	83.63	"NA"	"Rachel"
258	1.03160270880361	0.998257637356255	841.7	83.93	868.3	88.48	860.9	87.34	859.4	88.27	"NA"	"Rachel"
259	0.917860455529218	0.89824490210003	970.3	81.64	890.6	87.81	985.7	87.91	885.4	85.01	"NA"	"Rachel"
260	0.942404371584699	0.971680231909912	915	85.36	862.3	88.41	896.9	87.44	871.5	86.65	"NA"	"Rachel"
261	0.948411380493745	0.96603044762554	903.3	88.41	856.7	84.71	880.2	88.83	850.3	86.83	"NA"	"Rachel"
262	0.9499348392702	0.962593783494105	920.8	87.63	874.7	83.44	933	89.94	898.1	82.77	"NA"	"Rachel"
263	0.991931656383484	0.957491533341119	842.8	85.3	836	87.19	856.3	88.59	819.9	82.57	"NA"	"Rachel"
264	0.881653454133635	0.904572338489536	883	89.55	778.5	85.43	879.2	85.96	795.3	86.68	"NA"	"Rachel"
265	0.959569648924122	0.940992050162356	883	89.94	847.3	82.47	893.1	88.97	840.4	76.44	"NA"	"Rachel"
266	1.0092723241282	0.962321792260692	992.2	88.9	1001.4	88.34	982	89.77	945	86.3	"NA"	"Rachel"
267	0.897144746995921	0.893284798435293	907.1	89.12	813.8	79.45	920.3	85.95	822.09	82.6	"NA"	"Rachel"
268	0.959281961471103	0.985917067173354	913.6	82.14	876.4	88.17	894.7	84.1	882.1	89.16	"NA"	"Rachel"
269	0.90510424155284	0.921774604793473	973.7	83.81	881.3	86.88	980.5	81.61	903.8	83.52	"NA"	"Rachel"
270	0.969612113669363	0.982302749394291	964.2	87.15	934.9	86.38	949.3	88.49	932.5	86.8	"NA"	"Rachel"
271	1.0246138996139	1.02391757635226	828.8	75.11	849.2	84.32	815.3	78.18	834.8	84.5	"NA"	"Rachel"
272	0.92729051190088	0.952050264550265	920.1	89.13	853.2	83.67	907.2	85.19	863.7	87.68	"NA"	"Rachel"
273	0.994960312460627	0.969286577992745	793.7	78.22	789.7	83.09	827	74	801.6	80.23	"NA"	"Rachel"
274	0.967745060054242	1.00232135647961	1032.4	87.06	999.1	87.36	990.8	84.96	993.1	89.08	"NA"	"Rachel"
275	0.985569152620642	1.01160473566991	866.2	79.62	853.7	84.69	853.1	83.13	863	90	"NA"	"Rachel"
276	0.936088213253399	0.932176489260396	934.1	89.39	874.4	84.22	945.1	89.39	881	83.88	"NA"	"Rachel"
277	0.971334319190081	0.975936748023376	879.1	89.28	853.9	84.56	872.7	83.42	851.7	86.43	"NA"	"Rachel"
278	1.00165477298583	1.00941054808687	966.9	86.44	968.5	85.86	967	89.59	976.1	89.41	"NA"	"Rachel"
279	1.01768663194444	1	921.6	85.71	937.9	87.43	912.1	80.28	912.1	84.59	"NA"	"Rachel"
280	0.983492822966507	0.990111984751013	836	87.26	822.2	84.98	839.4	84.81	831.1	89.1	"NA"	"Rachel"
281	0.939194380419273	0.967767033455596	911.1	81.48	855.7	84.64	899.7	77.68	870.7	85.52	"NA"	"Rachel"
282	0.950910735047152	0.99947991158497	774.1	88.96	736.1	84.78	769.1	89.03	768.7	80.87	"NA"	"Rachel"
283	0.98135593220339	0.942645502645503	885	89.42	868.5	79.52	945	86.3	890.8	84.72	"NA"	"Rachel"
284	0.968846663720725	1.07829522327308	905.2	88.8	877	85.23	835.3	81.46	900.7	87.77	"NA"	"Rachel"
285	0.958218801539307	0.938888274947508	909.5	84.32	871.5	80.29	904.9	80.71	849.6	76.45	"NA"	"Rachel"
286	0.96100394109106	0.976015919564307	964.2	88.81	926.6	80.56	954.8	84.89	931.9	86.31	"NA"	"Rachel"
287	0.914747517430805	0.910621071694897	946.6	85.76	865.9	80.49	938.7	85.66	854.8	77.64	"NA"	"Rachel"
288	0.943989212737268	0.964477933261572	964.1	89.17	910.1	87.23	929	89.69	896	89.49	"NA"	"Rachel"
289	0.948872333911624	0.953070084763283	979.9	84.26	929.8	87.66	967.4	84.54	922	89.81	"NA"	"Rachel"
290	0.924217844727694	0.915714618792259	863	89.6	797.6	83.81	857.8	86.26	785.5	86.5	"NA"	"Rachel"
291	0.920659776594634	0.965719991124917	957.9	81.35	881.9	87.47	901.4	86.76	870.5	85.65	"NA"	"Rachel"
292	0.981898907103825	0.972489227709645	878.4	86.74	862.5	86.61	905.1	89.18	880.2	82.16	"NA"	"Rachel"
293	0.942485898468977	0.940990412177523	992.8	79.44	935.7	84.91	1011.7	82.05	952	89.7	"NA"	"Rachel"
294	0.929123278468257	0.927749860413177	893.1	89.1	829.8	79.94	895.5	88.02	830.8	83.85	"NA"	"Rachel"
295	0.959178654862904	0.946643504156843	813.3	88.52	780.1	84.85	805.9	77.9	762.9	84.96	"NA"	"Rachel"
296	0.984768851228146	0.988654781199352	932.3	81.49	918.1	89	925.5	81.8	915	89.56	"NA"	"Rachel"
297	0.945604234048809	0.950196592398427	1020.3	84.71	964.8	85.6	991.9	86.42	942.5	88.05	"NA"	"Rachel"
298	0.994990941063626	0.98877617094755	938.3	88.66	933.6	85.7	926.6	84.3	916.2	88.75	"NA"	"Rachel"
299	0.943236189647673	1.03037054409006	919.6	87.88	867.4	88.22	852.8	85.36	878.7	87.72	"NA"	"Rachel"
300	0.919239093290808	0.90439395686772	877.9	85.36	807	81.45	867.1	82.18	784.2	88.68	"NA"	"Rachel"
301	0.883000927643785	0.941944509209606	862.4	84.88	761.5	86.39	857.8	86.32	808	89.57	"NA"	"Rachel"
302	0.941230276697919	0.933340839995496	874.6	85.54	823.2	88.75	888.1	87.1	828.9	83.77	"NA"	"Rachel"
303	0.903232426885582	0.9024766211078	974.5	88.24	880.2	85.11	973.1	89.41	878.2	83.79	"NA"	"Rachel"
304	0.894020807133874	0.92521840419336	874.7	82.38	782	89.56	858.5	84.12	794.3	88.56	"NA"	"Rachel"
305	0.883857868020305	0.90470297029703	985	87.38	870.6	87.89	969.6	86.75	877.2	88.82	"NA"	"Rachel"
306	0.934076855123675	0.967094255437814	905.6	82.58	845.9	87.29	896.5	86.67	867	89.6	"NA"	"Rachel"
307	0.963045257864577	1.01036458968418	855.1	82.61	823.5	74.36	820.1	81.45	828.6	74.39	"NA"	"Rachel"
308	1.01792787158641	1.0226438830066	959.4	86.95	976.6	88.06	953.9	87.48	975.5	86.83	"NA"	"Rachel"
309	0.945398840135682	0.959951322048899	913.9	82.96	864	89.73	903.9	83.46	867.7	87.69	"NA"	"Rachel"
310	0.953671064558364	0.970597181384974	992.9	83.76	946.9	87.46	986.3	83.01	957.3	87.01	"NA"	"Rachel"
311	0.968499554764025	0.985500679655641	898.4	75.56	870.1	85.98	882.8	81.92	870	90	"NA"	"Rachel"
312	0.950175916468051	0.981166743224621	881.1	87.14	837.2	81.48	870.8	78.74	854.4	88.32	"NA"	"Rachel"
313	0.950889361226088	0.960407239819005	893.9	82.87	850	89.66	884	82.79	849	89.6	"NA"	"Rachel"
314	0.958923023817742	0.972762645914397	869.1	83.79	833.4	88.28	848.1	79.54	825	85.97	"NA"	"Rachel"
315	0.959502586112028	0.925106755721012	908.7	85.58	871.9	87.44	913.3	88.62	844.9	87.35	"NA"	"Rachel"
316	0.937128385818102	0.922258771929825	908.2	87.1	851.1	82.57	912	87.36	841.1	87.07	"NA"	"Rachel"
317	0.982330992098332	0.995733692601325	911.2	82.31	895.1	84.49	890.7	81.54	886.9	86.25	"NA"	"Rachel"
318	0.930838165524512	0.917630205668679	948.5	85.1	882.9	87.47	977.3	82.53	896.8	87.51	"NA"	"Rachel"
319	0.916001183081928	0.945627687896785	1014.3	80.7	929.1	89.2	976.6	84.42	923.5	88.14	"NA"	"Rachel"
320	0.959776796093932	0.929364625071551	860.2	88.67	825.6	84.65	873.5	88.03	811.8	86.19	"NA"	"Rachel"
321	0.964180362410451	0.999563652230828	949.2	81.58	915.2	88.87	916.7	85.62	916.3	88.56	"NA"	"Rachel"
322	0.971248688352571	1.02859628139611	953	89.82	925.6	84.3	919.7	87.69	946	77.61	"NA"	"Rachel"
323	0.950893867390812	0.930428832116788	883.8	87.6	840.4	83.51	876.8	87.58	815.8	84.44	"NA"	"Rachel"
324	0.908368644067797	0.861889927310488	944	89.7	857.5	82.43	963	87.44	830	81.55	"NA"	"Rachel"
325	0.929229122055675	0.927715996578272	934	89.94	867.9	83.32	935.2	88.84	867.6	83.51	"NA"	"Rachel"
326	0.975633215774287	0.943592493297587	935.7	86.51	912.9	77.73	932.5	88.22	879.9	80.98	"NA"	"Rachel"
327	0.933568748620613	0.947856577310259	906.2	88.86	846	89.39	884.1	89.35	838	89.52	"NA"	"Rachel"
328	0.983201369569869	0.975328250741211	934.6	87.92	918.9	79.34	944.4	85.14	921.1	77.71	"NA"	"Rachel"
329	0.929534762153685	0.973524305555556	956.5	86.76	889.1	88.97	921.6	88.01	897.2	88.72	"NA"	"Rachel"
330	0.931927035565067	0.938671750873848	981.3	85.27	914.5	88.12	944.1	89.03	886.2	85.92	"NA"	"Rachel"
331	0.903414334051061	0.91883788254756	975.3	85.29	881.1	85.18	967.2	87.16	888.7	84.12	"NA"	"Rachel"
332	0.911226325256587	0.928548265052427	945.1	83.5	861.2	86.94	925.1	80.73	859	89.73	"NA"	"Rachel"
333	0.932691243219307	0.946264461022813	903.3	88.6	842.5	81.4	924.9	80.04	875.2	88.89	"NA"	"Rachel"
334	0.906009712666937	0.912538226299694	988.4	88.43	895.5	82.56	981	80.32	895.2	85.13	"NA"	"Rachel"
335	0.958483754512635	0.969554556599918	997.2	88.74	955.8	84.9	978.8	86.49	949	89.52	"NA"	"Rachel"
336	0.98809669898147	0.996572827417381	814.9	86.13	805.2	84.15	817	90	814.2	81.38	"NA"	"Rachel"
337	0.942600896860986	0.948821277453153	1003.5	81.69	945.9	87.46	992.6	83.93	941.8	87.63	"NA"	"Rachel"
338	0.913312693498452	0.926032049241218	969	80.26	885	89.81	942.3	88.6	872.6	84.15	"NA"	"Rachel"
339	0.951302138471311	0.986705895172714	944.6	82.27	898.6	87.83	917.7	80.47	905.5	88.04	"NA"	"Rachel"
340	0.980080165188874	1.03499242041435	823.3	84.14	806.9	87.3	791.6	83.84	819.3	88.46	"NA"	"Rachel"
341	0.901293469041561	0.990294549147952	943.2	83.98	850.1	89.19	886.1	80.12	877.5	83.59	"NA"	"Rachel"
342	0.904304635761589	0.91397616468039	906	89.49	819.3	82.35	923	89.63	843.6	82.85	"NA"	"Rachel"
343	0.886379818940087	0.962871031130417	983.1	87.26	871.4	85.72	966.9	86.38	931	84.08	"NA"	"Rachel"
344	0.929485811819927	0.923060663707461	937.4	86.88	871.3	88.49	946.2	88.91	873.4	86.72	"NA"	"Rachel"
345	0.948121645796064	0.9830335934849	894.4	84.29	848	89.46	884.1	85.2	869.1	89.27	"NA"	"Rachel"
346	0.980339805825243	0.99065307113377	824	86.03	807.8	87.45	823.8	83.8	816.1	88.95	"NA"	"Rachel"
347	0.976233273417216	0.96468797564688	1001.4	85.25	977.6	88.07	985.5	82.48	950.7	87.77	"NA"	"Rachel"
348	1.02652143026285	0.943820224719101	844.6	84.02	867	89.93	898.9	87.39	848.4	88.31	"NA"	"Rachel"
349	0.966844167587662	0.949411162314388	995.3	84.06	962.3	88.57	976.5	85.89	927.1	87.22	"NA"	"Rachel"
350	0.977082168809391	0.941940497335702	894.5	83.07	874	89.8	900.8	87.58	848.5	87.97	"NA"	"Rachel"
351	0.953888436482085	0.981416112956811	982.4	86.91	937.1	86.15	963.2	82.06	945.3	88.55	"NA"	"Rachel"
352	0.984781696053736	0.984425293323642	952.8	77.45	938.3	88.66	963.1	85.41	948.1	83.52	"NA"	"Rachel"
353	0.954346009193481	0.924607652066879	957.2	77.63	913.5	86.74	974.9	83.7	901.4	88.28	"NA"	"Rachel"
354	1.02428057553957	0.968295050145584	889.6	84.84	911.2	88.93	927.3	81.88	897.9	86.23	"NA"	"Rachel"
355	0.953288740245262	0.971722655808167	897	82.83	855.1	89.26	884.1	84.48	859.1	89.13	"NA"	"Rachel"
356	0.977479219021844	1.01946519858435	1034.6	88.01	1011.3	85.35	1017.2	88.76	1037	86.46	"NA"	"Rachel"
357	0.939115680207605	0.933669863705199	1001.9	86.45	940.9	86.4	990.5	86.82	924.8	85.53	"NA"	"Rachel"
358	0.963887911830226	0.981984089845578	852.9	82.18	822.1	89.23	854.8	86.24	839.4	88.29	"NA"	"Rachel"
359	0.966821150200126	0.96316606311433	949.4	85.89	917.9	84.69	966.5	83.88	930.9	87.48	"NA"	"Rachel"
360	0.944168048645661	0.928610118080381	904.5	80.45	854	89.46	923.1	83.97	857.2	88.73	"NA"	"Rachel"
361	1.01021066208083	1.01096774193548	930.4	85.13	939.9	85.48	930	89.82	940.2	82.42	"NA"	"Rachel"
362	0.962706384944002	0.982690058479532	866.1	79.29	833.8	87.46	855	83.22	840.2	88.77	"NA"	"Rachel"
363	0.912882902454921	0.918992586131705	920.6	86.6	840.4	88.3	917.2	85.18	842.9	87.28	"NA"	"Rachel"
364	0.96718461371292	0.980008835873647	920.3	87.01	890.1	87.17	905.4	83.72	887.3	88.58	"NA"	"Rachel"
365	0.989173544860114	0.945420521883772	932.9	87.54	922.8	83.03	961.9	84.87	909.4	88.3	"NA"	"Rachel"
366	0.977366255144033	0.965776699029126	826.2	86.95	807.5	85.53	824	89.44	795.8	83.72	"NA"	"Rachel"
367	0.955367913148372	0.949137837544735	911.9	78.94	871.2	87.04	922.1	82.9	875.2	88.76	"NA"	"Rachel"
368	0.98056891025641	0.995047461824185	998.4	84.6	979	89.82	969.2	88.94	964.4	86.91	"NA"	"Rachel"
369	0.93678349164756	0.925141859450022	915.9	81.14	858	89.47	916.4	83.23	847.8	87.57	"NA"	"Rachel"
370	0.952620545073375	0.940438871473354	954	82.11	908.8	87.6	957	74.67	900	84.58	"NA"	"Rachel"
371	0.955558161350844	0.935217903415783	852.8	80.07	814.9	83.09	849	82.15	794	89.42	"NA"	"Rachel"
372	0.951105392443561	0.957812868253594	854.9	87.39	813.1	85.84	848.6	80.5	812.8	87.39	"NA"	"Rachel"
373	0.955876022384847	0.972667398463227	929.2	81.52	888.2	86.97	911	79.25	886.1	85.21	"NA"	"Rachel"
374	0.930711610486891	0.934769717335442	1014.6	84	944.3	88.66	1011.8	87.79	945.8	86.48	"NA"	"Rachel"
376	0.933278333505208	0.904490957122536	969.7	86.63	905	89.68	984.2	83.06	890.2	88.91	"NA"	"Rachel"
377	0.988334111059263	0.999518825935282	857.2	88.8	847.2	84.31	831.3	88.55	830.9	87.38	"NA"	"Rachel"
378	1.00070389488503	0.988800578034682	852.4	81.5	853	77.89	830.4	84.82	821.1	84.27	"NA"	"Rachel"
379	0.966695795708321	0.988767425534049	1029.9	87.61	995.6	86.78	997.1	84.19	985.9	87.62	"NA"	"Rachel"
380	1.00011350737798	0.920373421197144	881	80.92	881.1	86.03	910.5	83.69	838	89.93	"NA"	"Rachel"
381	0.957800656182826	0.941432396251673	883.9	83.96	846.6	87.9	896.4	88.27	843.9	85.24	"NA"	"Rachel"
382	0.971309771309771	0.99179366940211	962	86.3	934.4	85.89	938.3	86.95	930.6	84.94	"NA"	"Rachel"
383	0.914962776554472	0.955104281009879	953.7	87.78	872.6	85.6	911	82.87	870.1	89.14	"NA"	"Rachel"
384	0.975857127108367	0.962958855495176	907.1	83.92	885.2	88.77	901.7	86.44	868.3	86.83	"NA"	"Rachel"
385	0.942254174397032	0.961905857981356	862.4	83.01	812.6	80.29	868.9	86.24	835.8	87.46	"NA"	"Rachel"
386	0.995475638051044	0.975148066426664	862	85.21	858.1	89	861.1	85.14	839.7	87.68	"NA"	"Rachel"
387	0.966563962113432	0.963600187265918	876.3	83.12	847	89.73	854.4	88.32	823.3	86.8	"NA"	"Rachel"
388	0.96128170894526	1.00923894214112	898.8	82.46	864	89.47	865.9	87.35	873.9	86.19	"NA"	"Rachel"
389	0.926748582230624	0.972852316602317	846.4	85.66	784.4	86.56	828.8	83.21	806.3	88.51	"NA"	"Rachel"
390	0.934602908862614	0.9326801517067	955.7	87.78	893.2	84.47	949.2	87.1	885.3	88.51	"NA"	"Rachel"
391	0.957108114083573	0.956178400622845	904.6	87.91	865.8	82.3	899.1	89.24	859.7	82.31	"NA"	"Rachel"
392	0.965528933092224	0.971357969223857	884.8	87.6	854.3	88.39	890.3	85.88	864.8	86.35	"NA"	"Rachel"
393	0.942124797030851	0.95020455873758	862.2	87.01	812.3	88.38	855.5	85.64	812.9	81.51	"NA"	"Rachel"
394	0.989574694941358	1.0009484291642	844.1	89.19	835.3	76.15	843.5	83.46	844.3	71.35	"NA"	"Rachel"
395	0.944219977553311	0.910669705850429	891	89.49	841.3	84.2	921.3	88.45	839	89.8	"NA"	"Rachel"
396	0.945784490532011	0.976949541284404	887.2	88.71	839.1	82.54	872	89.74	851.9	80.81	"NA"	"Rachel"
397	0.972767648433848	0.994128009395185	855.6	84.03	832.3	82.96	851.5	88.12	846.5	79.38	"NA"	"Rachel"
398	0.963587401943566	0.940801668211307	854.1	82.13	823	89.58	863.2	85.08	812.1	89.29	"NA"	"Rachel"
399	0.935222209528162	0.917566016073479	875.3	86.86	818.6	85.45	871	87.3	799.2	84.9	"NA"	"Rachel"
400	0.956335973322218	0.988692655610597	959.6	83.3	917.7	86.5	928.6	85.74	918.1	87.19	"NA"	"Rachel"
401	0.991356855316126	0.992307692307692	844.6	82.31	837.3	88.43	819	87.2	812.7	83.22	"NA"	"Rachel"
402	0.980320855614973	1.03293964676563	935	89.75	916.6	82.16	922.9	84.09	953.3	86.99	"NA"	"Rachel"
403	1.0160863583448	1.02518676627535	944.9	84.17	960.1	89.05	937	87.37	960.6	86.66	"NA"	"Rachel"
404	0.958814851241702	0.943306336350643	813.4	86.69	779.9	77.71	839.6	87.82	792	83.55	"NA"	"Rachel"
405	0.953049482163406	0.910994178235558	869	86.11	828.2	80.55	893.2	88.78	813.7	83.86	"NA"	"Rachel"
406	0.885582998276852	0.909904805077063	870.5	88.16	770.9	79.91	882.4	80.01	802.9	87.22	"NA"	"Rachel"
407	0.925279587071402	0.945594249597224	813.7	77.36	752.9	87.18	806.9	80.15	763	89.62	"NA"	"Rachel"
408	0.965546485741546	0.988966126006841	943.3	81.96	910.8	86.41	906.3	85.13	896.3	88.53	"NA"	"Rachel"
409	0.981320368474923	0.981296101159115	781.6	82.57	767	89.78	759.2	83.27	745	89.38	"NA"	"Rachel"
410	0.980392156862745	1.00636658103429	923.1	86.15	905	89.62	895.3	88.4	901	89.94	"NA"	"Rachel"
411	0.929527019909407	0.973675693170784	949.3	83.41	882.4	88.83	926.9	80.06	902.5	88.16	"NA"	"Rachel"
412	0.950235064786148	0.933043378734119	872.1	83.81	828.7	86.33	873.7	82.37	815.2	84.16	"NA"	"Rachel"
413	0.972062885064797	0.982395087001024	941.4	81.88	915.1	89.12	977	85.48	959.8	86.48	"NA"	"Rachel"
414	0.969161985555428	0.973131918819188	872.3	86.85	845.4	85.66	867.2	86.96	843.9	87.28	"NA"	"Rachel"
415	0.968101505988379	0.966614249425426	843.3	81.96	816.4	88.18	826.7	86.32	799.1	85.84	"NA"	"Rachel"
416	0.98978622327791	1.00914120760164	842	89.86	833.4	84.84	831.4	82.88	839	89.73	"NA"	"Rachel"
417	0.963328919221758	0.964425251902118	981.7	87.78	945.7	75.61	972.6	84.45	938	84.06	"NA"	"Rachel"
418	0.922126582278481	0.949432941421288	987.5	88.26	910.6	87.99	961.1	84.69	912.5	88.05	"NA"	"Rachel"
419	0.921676329976605	0.91725387557882	983.1	87.32	906.1	83.35	993.4	87	911.2	88.81	"NA"	"Rachel"
420	0.956844930827999	0.940047712892853	968.6	83.84	926.8	85.54	964.1	89.29	906.3	83.22	"NA"	"Rachel"
421	0.939454870420018	0.959116647791619	895.2	80.55	841	89.59	883	78.1	846.9	87.43	"NA"	"Rachel"
422	0.997846117027641	0.98148803207169	835.7	86.3	833.9	87.39	848.1	84.38	832.4	88.21	"NA"	"Rachel"
423	0.994808004326663	0.963279622931053	924.5	82.23	919.7	86.51	912.3	81.36	878.8	85.43	"NA"	"Rachel"
424	0.951616333475117	0.940489189779428	940.4	80.33	894.9	87.44	915.8	85.55	861.3	88.4	"NA"	"Rachel"
