"Subject"	"1.a"	"1.b"	"1.c"	"1.d"	"1.e"	"2.a"	"2.b"	"2.c"	"2.d"	"2.e"	"2.f"	"2.g"	"2.h"	"Game.affect.distraction"	"Surprise"	"Suspected"	"Why "	"Entrant"	"Assignment"	"Entrant.1"	"Date"	"Time"	"RA"	"Station"	"Condition"	"Game.1"	"Game.2"	"Game.3"	"Game.4"	"Game.5"	"Game.6"	"Good.Session"	"Entrant.2"	"irritated"	"happy"	"angered"	"helpful"	"pleased"	"annoyed"	"knew.others"	"knew.partner"	"easy.nav"	"excited"	"engaged"	"challenging"	"stressful"	"violence"	"diff.nav"	"reflexes"	"satisfying"	"effective"	"difficult"	"good.fight"	"hard.control"	"mental.effort"	"comfort.control"	"exhausting"	"aggressed"	"enjoyed"	"often.played"	"FPS.experience"	"FPS.skill"	"mkb.experience"	"vg.freq"	"vg.cumul"	"gender"	"age"	"race"	"year"	"GPA"	"Entrant.3"	"A"	"B"	"C"	"D"	"E"	"F"	"Entrant.4"	"L2d4d"	"R2d4d"	"L_ring_length"	"L_ring_angle"	"L_index_length"	"L_index_angle"	"R_ring_length"	"R_ring_angle"	"R_index_length"	"R_index_angle"	"notes"	"coder"	"Violence"	"Difficulty"
"1"	1	1	1	1	1	1	1	1	1	1	1	1	1	"1"	1	1	1	1	1	1	1	1	1	1	1	1	1	1	1	1	1	"1"	1	1	1	1	1	1	1	1	1	1	1	1	1	1	1	1	1	1	1	1	1	1	1	1	1	1	1	1	1	1	1	1	1	1	1	1	1	1	1	1	1	1	1	1	1	1	1	1	1	1	1	1	1	1	1	1	1	1	"Violent"	"Easy"
"10"	1	1	1	1	1	1	1	1	1	1	1	1	1	"1"	1	1	1	1	1	1	1	1	1	1	1	1	1	1	1	1	1	"1"	1	1	1	1	1	1	1	1	1	1	1	1	1	1	1	1	1	1	1	1	1	1	1	1	1	1	1	1	1	1	1	1	1	1	1	1	1	1	1	0	0	0	0	0	0	0	1	1	1	1	1	1	1	1	1	1	1	1	"Violent"	"Easy"
"100"	1	1	1	1	1	1	1	1	1	1	1	1	1	"1"	1	1	1	1	1	1	1	1	1	1	1	1	1	1	1	1	1	"1"	1	1	1	1	1	1	1	1	1	1	1	1	1	1	1	1	1	1	1	1	1	1	1	1	1	1	1	1	1	1	1	1	1	1	1	1	1	1	1	1	1	1	1	1	1	1	1	1	1	1	1	1	1	1	1	1	1	1	"Violent"	"Easy"
"101"	1	1	1	1	1	1	1	1	1	1	1	1	1	"1"	1	1	1	1	1	1	1	1	1	1	1	1	1	1	1	1	1	"1"	1	1	1	1	1	1	1	1	1	1	1	1	1	1	1	1	1	1	1	1	1	1	1	1	1	1	1	1	1	1	1	1	1	1	1	1	1	1	1	1	1	1	1	1	1	1	1	1	1	1	1	1	1	1	1	1	1	1	"Violent"	"Easy"
"102"	1	1	1	1	1	1	1	1	1	1	1	1	1	"1"	1	1	1	1	1	1	1	1	1	1	1	1	1	1	1	1	1	"1"	1	1	1	1	1	1	1	1	1	1	1	1	1	1	1	1	1	1	1	1	1	1	1	1	1	1	1	1	1	1	1	1	1	1	1	1	1	1	1	1	1	1	1	1	1	1	1	1	1	1	1	1	1	1	1	1	1	1	"Violent"	"Easy"
"103"	1	1	1	1	1	1	1	1	1	1	1	1	1	"1"	1	1	1	1	1	1	1	1	1	1	1	1	1	1	1	1	1	"1"	1	1	1	1	1	1	1	1	1	1	1	1	1	1	1	1	1	1	1	1	1	1	1	1	1	1	1	1	1	1	1	1	1	1	1	1	1	1	1	1	1	1	1	1	1	1	1	1	1	1	1	1	1	1	1	1	1	1	"Violent"	"Easy"
"104"	1	1	1	1	1	1	1	1	1	1	1	1	1	"1"	1	1	1	1	1	1	1	1	1	1	1	1	1	1	1	1	1	"1"	1	1	1	1	1	1	1	1	1	1	1	1	1	1	1	1	1	1	1	1	1	1	1	1	1	1	1	1	1	1	1	1	1	1	1	1	1	1	1	1	1	1	1	1	1	1	1	1	1	1	1	1	1	1	1	1	1	1	"Violent"	"Easy"
"105"	1	1	1	1	1	1	1	1	1	1	1	1	1	"1"	1	1	1	1	1	1	1	1	1	1	1	1	1	1	1	1	1	"1"	1	1	1	1	1	1	1	1	1	1	1	1	1	1	1	1	1	1	1	1	1	1	1	1	1	1	1	1	1	1	1	1	1	1	1	1	1	1	1	1	1	1	1	1	1	1	1	1	1	1	1	1	1	1	1	1	1	1	"Violent"	"Easy"
"106"	1	1	1	1	1	1	1	1	1	1	1	1	1	"1"	1	1	1	1	1	1	1	1	1	1	1	1	1	1	1	1	1	"1"	1	1	1	1	1	1	1	1	1	1	1	1	1	1	1	1	1	1	1	1	1	1	1	1	1	1	1	1	1	1	1	1	1	1	1	1	1	1	1	1	1	1	1	1	1	1	1	1	1	1	1	1	1	1	1	1	1	1	"Violent"	"Easy"
"107"	1	1	1	1	1	1	1	1	1	1	1	1	1	"1"	1	1	1	1	1	1	1	1	1	1	1	1	1	1	1	1	1	"1"	1	1	1	1	1	1	1	1	1	1	1	1	1	1	1	1	1	1	1	1	1	1	1	1	1	1	1	1	1	1	1	1	1	1	1	1	1	1	1	1	1	1	1	1	1	1	1	1	1	1	1	1	1	1	1	1	1	1	"Violent"	"Easy"
"108"	1	1	1	1	1	1	1	1	1	1	1	1	1	"1"	1	1	1	1	1	1	1	1	1	1	1	1	1	1	1	1	1	"1"	1	1	1	1	1	1	1	1	1	1	1	1	1	1	1	1	1	1	1	1	1	1	1	1	1	1	1	1	1	1	1	1	1	1	1	1	1	1	1	1	1	1	1	1	1	1	1	1	1	1	1	1	1	1	1	1	1	1	"Violent"	"Easy"
"109"	1	1	1	1	1	1	1	1	1	1	1	1	1	"1"	1	1	1	1	1	1	1	1	1	1	1	1	1	1	1	1	1	"1"	1	1	1	1	1	1	1	1	1	1	1	1	1	1	1	1	1	1	1	1	1	1	1	1	1	1	1	1	1	1	1	1	1	1	1	1	1	1	1	1	1	1	1	1	1	1	1	1	1	1	1	1	1	1	1	1	1	1	"Violent"	"Easy"
"10a"	0	0	0	0	0	0	0	0	0	0	0	0	0	"0"	0	0	0	0	0	0	0	0	0	0	0	0	0	0	0	0	0	"0"	0	0	0	0	0	0	0	0	0	0	0	0	0	0	0	0	0	0	0	0	0	0	0	0	0	0	0	0	0	0	0	0	0	0	0	0	0	0	0	1	1	1	1	1	1	1	0	0	0	0	0	0	0	0	0	0	0	0	"Nonviolent"	"Easy"
"10b"	0	0	0	0	0	0	0	0	0	0	0	0	0	"0"	0	0	0	0	0	0	0	0	0	0	0	0	0	0	0	0	0	"0"	0	0	0	0	0	0	0	0	0	0	0	0	0	0	0	0	0	0	0	0	0	0	0	0	0	0	0	0	0	0	0	0	0	0	0	0	0	0	0	1	1	1	1	1	1	1	0	0	0	0	0	0	0	0	0	0	0	0	"Nonviolent"	"Easy"
"11"	1	1	1	1	1	1	1	1	1	1	1	1	1	"1"	1	1	1	1	1	1	1	1	1	1	1	1	1	1	1	1	1	"1"	1	1	1	1	1	1	1	1	1	1	1	1	1	1	1	1	1	1	1	1	1	1	1	1	1	1	1	1	1	1	1	1	1	1	1	1	1	1	1	1	1	1	1	1	1	1	1	1	1	1	1	1	1	1	1	1	1	1	"Violent"	"Easy"
"110"	1	1	1	1	1	1	1	1	1	1	1	1	1	"1"	1	1	1	1	1	1	1	1	1	1	1	1	1	1	1	1	1	"1"	1	1	1	1	1	1	1	1	1	1	1	1	1	1	1	1	1	1	1	1	1	1	1	1	1	1	1	1	1	1	1	1	1	1	1	1	1	1	1	1	1	1	1	1	1	1	1	1	1	1	1	1	1	1	1	1	1	1	"Violent"	"Easy"
"111"	1	1	1	1	1	1	1	1	1	1	1	1	1	"1"	1	1	1	1	1	1	1	1	1	1	1	1	1	1	1	1	1	"1"	1	1	1	1	1	1	1	1	1	1	1	1	1	1	1	1	1	1	1	1	1	1	1	1	1	1	1	1	1	1	1	1	1	1	1	1	1	1	1	1	1	1	1	1	1	1	1	1	1	1	1	1	1	1	1	1	1	1	"Violent"	"Easy"
"112"	1	1	1	1	1	1	1	1	1	1	1	1	1	"1"	1	1	1	1	1	1	1	1	1	1	1	1	1	1	1	1	1	"1"	1	1	1	1	1	1	1	1	1	1	1	1	1	1	1	1	1	1	1	1	1	1	1	1	1	1	1	1	1	1	1	1	1	1	1	1	1	1	1	1	1	1	1	1	1	1	1	1	1	1	1	1	1	1	1	1	1	1	"Violent"	"Easy"
"113"	1	1	1	1	1	1	1	1	1	1	1	1	1	"1"	1	1	1	1	1	1	1	1	1	1	1	1	1	1	1	1	1	"1"	1	1	1	1	1	1	1	1	1	1	1	1	1	1	1	1	1	1	1	1	1	1	1	1	1	1	1	1	1	1	1	1	1	1	1	1	1	1	1	1	1	1	1	1	1	1	1	1	1	1	1	1	1	1	1	1	1	1	"Violent"	"Easy"
"114"	1	1	1	1	1	1	1	1	1	1	1	1	1	"1"	1	1	1	1	1	1	1	1	1	1	1	1	1	1	1	1	1	"1"	1	1	1	1	1	1	1	1	1	1	1	1	1	1	1	1	1	1	1	1	1	1	1	1	1	1	1	1	1	1	1	1	1	1	1	1	1	1	1	1	1	1	1	1	1	1	1	1	1	1	1	1	1	1	1	1	1	1	"Violent"	"Easy"
"115"	1	1	1	1	1	1	1	1	1	1	1	1	1	"1"	1	1	1	1	1	1	1	1	1	1	1	1	1	1	1	1	1	"1"	1	1	1	1	1	1	1	1	1	1	1	1	1	1	1	1	1	1	1	1	1	1	1	1	1	1	1	1	1	1	1	1	1	1	1	1	1	1	1	1	1	1	1	1	1	1	1	1	1	1	1	1	1	1	1	1	1	1	"Violent"	"Easy"
"116"	1	1	1	1	1	1	1	1	1	1	1	1	1	"1"	1	1	1	1	1	1	1	1	1	1	1	1	1	1	1	1	1	"1"	1	1	1	1	1	1	1	1	1	1	1	1	1	1	1	1	1	1	1	1	1	1	1	1	1	1	1	1	1	1	1	1	1	1	1	1	1	1	1	1	1	1	1	1	1	1	1	1	1	1	1	1	1	1	1	1	1	1	"Violent"	"Easy"
"117"	1	1	1	1	1	1	1	1	1	1	1	1	1	"1"	1	1	1	1	1	1	0	0	0	0	0	0	0	0	0	0	0	"0"	0	1	1	1	1	1	1	1	1	1	1	1	1	1	1	1	1	1	1	1	1	1	1	1	1	1	1	1	1	1	1	1	1	1	1	1	1	1	1	1	1	1	1	1	1	1	1	1	1	1	1	1	1	1	1	1	1	1	"Nonviolent"	"Easy"
"118"	1	1	1	1	1	1	1	1	1	1	1	1	1	"1"	1	1	1	1	1	1	1	1	1	1	1	1	1	1	1	1	1	"1"	1	1	1	1	1	1	1	1	1	1	1	1	1	1	1	1	1	1	1	1	1	1	1	1	1	1	1	1	1	1	1	1	1	1	1	1	1	1	1	1	1	1	1	1	1	1	1	1	1	1	1	1	1	1	1	1	1	1	"Violent"	"Easy"
"119"	1	1	1	1	1	1	1	1	1	1	1	1	1	"1"	1	1	1	1	1	1	1	1	1	1	1	1	1	1	1	1	1	"1"	1	1	1	1	1	1	1	1	1	1	1	1	1	1	1	1	1	1	1	1	1	1	1	1	1	1	1	1	1	1	1	1	1	1	1	1	1	1	1	1	1	1	1	1	1	1	1	1	1	1	1	1	1	1	1	1	1	1	"Violent"	"Easy"
"12"	1	1	1	1	1	1	1	1	1	1	1	1	1	"1"	1	1	1	1	1	1	1	1	1	1	1	1	1	1	1	1	1	"1"	1	1	1	1	1	1	1	1	1	1	1	1	1	1	1	1	1	1	1	1	1	1	1	1	1	1	1	1	1	1	1	1	1	1	1	1	1	1	1	0	0	0	0	0	0	0	1	1	1	1	1	1	1	1	1	1	1	1	"Violent"	"Easy"
"120"	1	1	1	1	1	1	1	1	1	1	1	1	1	"1"	1	1	1	1	1	1	1	1	1	1	1	1	1	1	1	1	1	"1"	1	1	1	1	1	1	1	1	1	1	1	1	1	1	1	1	1	1	1	1	1	1	1	1	1	1	1	1	1	1	1	1	1	1	1	1	1	1	1	1	1	1	1	1	1	1	1	1	1	1	1	1	1	1	1	1	1	1	"Violent"	"Easy"
"121"	1	1	1	1	1	1	1	1	1	1	1	1	1	"1"	1	1	1	1	1	1	1	1	1	1	1	1	1	1	1	1	1	"1"	1	1	1	1	1	1	1	1	1	1	1	1	1	1	1	1	1	1	1	1	1	1	1	1	1	1	1	1	1	1	1	1	1	1	1	1	1	1	1	1	1	1	1	1	1	1	1	1	1	1	1	1	1	1	1	1	1	1	"Violent"	"Easy"
"122"	1	1	1	1	1	1	1	1	1	1	1	1	1	"1"	1	1	1	1	1	1	1	1	1	1	1	1	1	1	1	1	1	"1"	1	1	1	1	1	1	1	1	1	1	1	1	1	1	1	1	1	1	1	1	1	1	1	1	1	1	1	1	1	1	1	1	1	1	1	1	1	1	1	1	1	1	1	1	1	1	1	1	1	1	1	1	1	1	1	1	1	1	"Violent"	"Easy"
"123"	1	1	1	1	1	1	1	1	1	1	1	1	1	"1"	1	1	1	1	1	1	1	1	1	1	1	1	1	1	1	1	1	"1"	1	1	1	1	1	1	1	1	1	1	1	1	1	1	1	1	1	1	1	1	1	1	1	1	1	1	1	1	1	1	1	1	1	1	1	1	1	1	1	1	1	1	1	1	1	1	1	1	1	1	1	1	1	1	1	1	1	1	"Violent"	"Easy"
"124"	1	1	1	1	1	1	1	1	1	1	1	1	1	"1"	1	1	1	1	1	1	1	1	1	1	1	1	1	1	1	1	1	"1"	1	1	1	1	1	1	1	1	1	1	1	1	1	1	1	1	1	1	1	1	1	1	1	1	1	1	1	1	1	1	1	1	1	1	1	1	1	1	1	1	1	1	1	1	1	1	1	1	1	1	1	1	1	1	1	1	1	1	"Violent"	"Easy"
"125"	1	1	1	1	1	1	1	1	1	1	1	1	1	"1"	1	1	1	1	1	1	1	1	1	1	1	1	1	1	1	1	1	"1"	1	1	1	1	1	1	1	1	1	1	1	1	1	1	1	1	1	1	1	1	1	1	1	1	1	1	1	1	1	1	1	1	1	1	1	1	1	1	1	1	1	1	1	1	1	1	1	1	1	1	1	1	1	1	1	1	1	1	"Violent"	"Easy"
"126"	1	1	1	1	1	1	1	1	1	1	1	1	1	"1"	1	1	1	1	1	1	1	1	1	1	1	1	1	1	1	1	1	"1"	1	1	1	1	1	1	1	1	1	1	1	1	1	1	1	1	1	1	1	1	1	1	1	1	1	1	1	1	1	1	1	1	1	1	1	1	1	1	1	1	1	1	1	1	1	1	1	1	1	1	1	1	1	1	1	1	1	1	"Violent"	"Easy"
"127"	1	1	1	1	1	1	1	1	1	1	1	1	1	"1"	1	1	1	1	1	1	1	1	1	1	1	1	1	1	1	1	1	"1"	1	1	1	1	1	1	1	1	1	1	1	1	1	1	1	1	1	1	1	1	1	1	1	1	1	1	1	1	1	1	1	1	1	1	1	1	1	1	1	1	1	1	1	1	1	1	1	1	1	1	1	1	1	1	1	1	1	1	"Violent"	"Easy"
"128"	1	1	1	1	1	1	1	1	1	1	1	1	1	"1"	1	1	1	1	1	1	1	1	1	1	1	1	1	1	1	1	1	"1"	1	1	1	1	1	1	1	1	1	1	1	1	1	1	1	1	1	1	1	1	1	1	1	1	1	1	1	1	1	1	1	1	1	1	1	1	1	1	1	1	1	1	1	1	1	1	1	1	1	1	1	1	1	1	1	1	1	1	"Violent"	"Easy"
"129"	1	1	1	1	1	1	1	1	1	1	1	1	1	"1"	1	1	1	1	1	1	1	1	1	1	1	1	1	1	1	1	1	"1"	1	1	1	1	1	1	1	1	1	1	1	1	1	1	1	1	1	1	1	1	1	1	1	1	1	1	1	1	1	1	1	1	1	1	1	1	1	1	1	1	1	1	1	1	1	1	1	1	1	1	1	1	1	1	1	1	1	1	"Violent"	"Easy"
"13"	1	1	1	1	1	1	1	1	1	1	1	1	1	"1"	1	1	1	1	1	1	1	1	1	1	1	1	1	1	1	1	1	"1"	1	1	1	1	1	1	1	1	1	1	1	1	1	1	1	1	1	1	1	1	1	1	1	1	1	1	1	1	1	1	1	1	1	1	1	1	1	1	1	1	1	1	1	1	1	1	1	1	1	1	1	1	1	1	1	1	1	1	"Violent"	"Easy"
"130"	1	1	1	1	1	1	1	1	1	1	1	1	1	"1"	1	1	1	1	1	1	1	1	1	1	1	1	1	1	1	1	1	"1"	1	1	1	1	1	1	1	1	1	1	1	1	1	1	1	1	1	1	1	1	1	1	1	1	1	1	1	1	1	1	1	1	1	1	1	1	1	1	1	1	1	1	1	1	1	1	1	1	1	1	1	1	1	1	1	1	1	1	"Violent"	"Easy"
"131"	1	1	1	1	1	1	1	1	1	1	1	1	1	"1"	1	1	1	1	1	1	1	1	1	1	1	1	1	1	1	1	1	"1"	1	1	1	1	1	1	1	1	1	1	1	1	1	1	1	1	1	1	1	1	1	1	1	1	1	1	1	1	1	1	1	1	1	1	1	1	1	1	1	0	0	0	0	0	0	0	1	1	1	1	1	1	1	1	1	1	1	1	"Violent"	"Easy"
"132"	1	1	1	1	1	1	1	1	1	1	1	1	1	"1"	1	1	1	1	1	1	1	1	1	1	1	1	1	1	1	1	1	"1"	1	1	1	1	1	1	1	1	1	1	1	1	1	1	1	1	1	1	1	1	1	1	1	1	1	1	1	1	1	1	1	1	1	1	1	1	1	1	1	1	1	1	1	1	1	1	1	1	1	1	1	1	1	1	1	1	1	1	"Violent"	"Easy"
"133"	1	1	1	1	1	1	1	1	1	1	1	1	1	"1"	1	1	1	1	1	1	1	1	1	1	1	1	1	1	1	1	1	"1"	1	1	1	1	1	1	1	1	1	1	1	1	1	1	1	1	1	1	1	1	1	1	1	1	1	1	1	1	1	1	1	1	1	1	1	1	1	1	1	1	1	1	1	1	1	1	1	1	1	1	1	1	1	1	1	1	1	1	"Violent"	"Easy"
"134"	1	1	1	1	1	1	1	1	1	1	1	1	1	"1"	1	1	1	1	1	1	1	1	1	1	1	1	1	1	1	1	1	"1"	1	1	1	1	1	1	1	1	1	1	1	1	1	1	1	1	1	1	1	1	1	1	1	1	1	1	1	1	1	1	1	1	1	1	1	1	1	1	1	1	1	1	1	1	1	1	1	1	1	1	1	1	1	1	1	1	1	1	"Violent"	"Easy"
"135"	1	1	1	1	1	1	1	1	1	1	1	1	1	"1"	1	1	1	1	1	1	1	1	1	1	1	1	1	1	1	1	1	"1"	1	1	1	1	1	1	1	1	1	1	1	1	1	1	1	1	1	1	1	1	1	1	1	1	1	1	1	1	1	1	1	1	1	1	1	1	1	1	1	0	0	0	0	0	0	0	1	1	1	1	1	1	1	1	1	1	1	1	"Violent"	"Easy"
"136"	1	1	1	1	1	1	1	1	1	1	1	1	1	"1"	1	1	1	1	1	1	1	1	1	1	1	1	1	1	1	1	1	"1"	1	1	1	1	1	1	1	1	1	1	1	1	1	1	1	1	1	1	1	1	1	1	1	1	1	1	1	1	1	1	1	1	1	1	1	1	1	1	1	1	1	1	1	1	1	1	1	1	1	1	1	1	1	1	1	1	1	1	"Violent"	"Easy"
"137"	1	1	1	1	1	1	1	1	1	1	1	1	1	"1"	1	1	1	1	1	1	1	1	1	1	1	1	1	1	1	1	1	"1"	1	1	1	1	1	1	1	1	1	1	1	1	1	1	1	1	1	1	1	1	1	1	1	1	1	1	1	1	1	1	1	1	1	1	1	1	1	1	1	1	1	1	1	1	1	1	1	1	1	1	1	1	1	1	1	1	1	1	"Violent"	"Easy"
"138"	1	1	1	1	1	1	1	1	1	1	1	1	1	"1"	1	1	1	1	1	1	1	1	1	1	1	1	1	1	1	1	1	"1"	1	1	1	1	1	1	1	1	1	1	1	1	1	1	1	1	1	1	1	1	1	1	1	1	1	1	1	1	1	1	1	1	1	1	1	1	1	1	1	1	1	1	1	1	1	1	1	1	1	1	1	1	1	1	1	1	1	1	"Violent"	"Easy"
"139"	1	1	1	1	1	1	1	1	1	1	1	1	1	"1"	1	1	1	1	1	1	1	1	1	1	1	1	1	1	1	1	1	"1"	1	1	1	1	1	1	1	1	1	1	1	1	1	1	1	1	1	1	1	1	1	1	1	1	1	1	1	1	1	1	1	1	1	1	1	1	1	1	1	1	1	1	1	1	1	1	1	1	1	1	1	1	1	1	1	1	1	1	"Violent"	"Easy"
"14"	1	1	1	1	1	1	1	1	1	1	1	1	1	"1"	1	1	1	1	1	1	1	1	1	1	1	1	1	1	1	1	1	"1"	1	1	1	1	1	1	1	1	1	1	1	1	1	1	1	1	1	1	1	1	1	1	1	1	1	1	1	1	1	1	1	1	1	1	1	1	1	1	1	1	1	1	1	1	1	1	1	1	1	1	1	1	1	1	1	1	1	1	"Violent"	"Easy"
"140"	1	1	1	1	1	1	1	1	1	1	1	1	1	"1"	1	1	1	1	1	1	1	1	1	1	1	1	1	1	1	1	1	"1"	1	1	1	1	1	1	1	1	1	1	1	1	1	1	1	1	1	1	1	1	1	1	1	1	1	1	1	1	1	1	1	1	1	1	1	1	1	1	1	0	0	0	0	0	0	0	1	1	1	1	1	1	1	1	1	1	1	1	"Violent"	"Easy"
"141"	1	1	1	1	1	1	1	1	1	1	1	1	1	"1"	1	1	1	1	1	1	1	1	1	1	1	1	1	1	1	1	1	"1"	1	1	1	1	1	1	1	1	1	1	1	1	1	1	1	1	1	1	1	1	1	1	1	1	1	1	1	1	1	1	1	1	1	1	1	1	1	1	1	1	1	1	1	1	1	1	1	1	1	1	1	1	1	1	1	1	1	1	"Violent"	"Easy"
"142"	1	1	1	1	1	1	1	1	1	1	1	1	1	"1"	1	1	1	1	1	1	1	1	1	1	1	1	1	1	1	1	1	"1"	1	0	0	0	0	0	0	0	0	0	0	0	0	0	0	0	0	0	0	0	0	0	0	0	0	0	0	0	0	0	0	0	0	0	0	0	0	0	0	0	0	0	0	0	0	0	1	1	1	1	1	1	1	1	1	1	1	1	"Violent"	"Easy"
"143"	1	1	1	1	1	1	1	1	1	1	1	1	1	"1"	1	1	1	1	1	1	1	1	1	1	1	1	1	1	1	1	1	"1"	1	0	0	0	0	0	0	0	0	0	0	0	0	0	0	0	0	0	0	0	0	0	0	0	0	0	0	0	0	0	0	0	0	0	0	0	0	0	0	1	1	1	1	1	1	1	1	1	1	1	1	1	1	1	1	1	1	1	"Violent"	"Easy"
"144"	1	1	1	1	1	1	1	1	1	1	1	1	1	"1"	1	1	1	1	1	1	1	1	1	1	1	1	1	1	1	1	1	"1"	1	0	0	0	0	0	0	0	0	0	0	0	0	0	0	0	0	0	0	0	0	0	0	0	0	0	0	0	0	0	0	0	0	0	0	0	0	0	0	1	1	1	1	1	1	1	1	1	1	1	1	1	1	1	1	1	1	1	"Violent"	"Easy"
"145"	1	1	1	1	1	1	1	1	1	1	1	1	1	"1"	1	1	1	1	1	1	1	1	1	1	1	1	1	1	1	1	1	"1"	1	0	0	0	0	0	0	0	0	0	0	0	0	0	0	0	0	0	0	0	0	0	0	0	0	0	0	0	0	0	0	0	0	0	0	0	0	0	0	1	1	1	1	1	1	1	1	1	1	1	1	1	1	1	1	1	1	1	"Violent"	"Easy"
"146"	1	1	1	1	1	1	1	1	1	1	1	1	1	"1"	1	1	1	1	1	1	1	1	1	1	1	1	1	1	1	1	1	"1"	1	0	0	0	0	0	0	0	0	0	0	0	0	0	0	0	0	0	0	0	0	0	0	0	0	0	0	0	0	0	0	0	0	0	0	0	0	0	0	1	1	1	1	1	1	1	1	1	1	1	1	1	1	1	1	1	1	1	"Violent"	"Easy"
"147"	1	1	1	1	1	1	1	1	1	1	1	1	1	"1"	1	1	1	1	1	1	1	1	1	1	1	1	1	1	1	1	1	"1"	1	0	0	0	0	0	0	0	0	0	0	0	0	0	0	0	0	0	0	0	0	0	0	0	0	0	0	0	0	0	0	0	0	0	0	0	0	0	0	1	1	1	1	1	1	1	1	1	1	1	1	1	1	1	1	1	1	1	"Violent"	"Easy"
"148"	1	1	1	1	1	1	1	1	1	1	1	1	1	"1"	1	1	1	1	1	1	1	1	1	1	1	1	1	1	1	1	1	"1"	1	0	0	0	0	0	0	0	0	0	0	0	0	0	0	0	0	0	0	0	0	0	0	0	0	0	0	0	0	0	0	0	0	0	0	0	0	0	0	1	1	1	1	1	1	1	1	1	1	1	1	1	1	1	1	1	1	1	"Violent"	"Easy"
"149"	1	1	1	1	1	1	1	1	1	1	1	1	1	"1"	1	1	1	1	1	1	1	1	1	1	1	1	1	1	1	1	1	"1"	1	0	0	0	0	0	0	0	0	0	0	0	0	0	0	0	0	0	0	0	0	0	0	0	0	0	0	0	0	0	0	0	0	0	0	0	0	0	0	1	1	1	1	1	1	1	1	1	1	1	1	1	1	1	1	1	1	1	"Violent"	"Easy"
"15"	1	1	1	1	1	1	1	1	1	1	1	1	1	"1"	1	1	1	1	1	1	1	1	1	1	1	1	1	1	1	1	1	"1"	1	1	1	1	1	1	1	1	1	1	1	1	1	1	1	1	1	1	1	1	1	1	1	1	1	1	1	1	1	1	1	1	1	1	1	1	1	1	1	1	1	1	1	1	1	1	1	1	1	1	1	1	1	1	1	1	1	1	"Violent"	"Easy"
"150"	1	1	1	1	1	1	1	1	1	1	1	1	1	"1"	1	1	1	1	1	1	1	1	1	1	1	1	1	1	1	1	1	"1"	1	0	0	0	0	0	0	0	0	0	0	0	0	0	0	0	0	0	0	0	0	0	0	0	0	0	0	0	0	0	0	0	0	0	0	0	0	0	0	1	1	1	1	1	1	1	1	1	1	1	1	1	1	1	1	1	1	1	"Violent"	"Easy"
"151"	1	1	1	1	1	1	1	1	1	1	1	1	1	"1"	1	1	1	1	1	1	1	1	1	1	1	1	1	1	1	1	1	"1"	1	0	0	0	0	0	0	0	0	0	0	0	0	0	0	0	0	0	0	0	0	0	0	0	0	0	0	0	0	0	0	0	0	0	0	0	0	0	0	1	1	1	1	1	1	1	1	1	1	1	1	1	1	1	1	1	1	1	"Violent"	"Easy"
"152"	1	1	1	1	1	1	1	1	1	1	1	1	1	"1"	1	1	1	1	1	1	1	1	1	1	1	1	1	1	1	1	1	"1"	1	0	0	0	0	0	0	0	0	0	0	0	0	0	0	0	0	0	0	0	0	0	0	0	0	0	0	0	0	0	0	0	0	0	0	0	0	0	0	1	1	1	1	1	1	1	1	1	1	1	1	1	1	1	1	1	1	1	"Violent"	"Easy"
"153"	1	1	1	1	1	1	1	1	1	1	1	1	1	"1"	1	1	1	1	1	1	1	1	1	1	1	1	1	1	1	1	1	"1"	1	0	0	0	0	0	0	0	0	0	0	0	0	0	0	0	0	0	0	0	0	0	0	0	0	0	0	0	0	0	0	0	0	0	0	0	0	0	0	1	1	1	1	1	1	1	1	1	1	1	1	1	1	1	1	1	1	1	"Violent"	"Easy"
"154"	1	1	1	1	1	1	1	1	1	1	1	1	1	"1"	1	1	1	1	1	1	1	1	1	1	1	1	1	1	1	1	1	"1"	1	0	0	0	0	0	0	0	0	0	0	0	0	0	0	0	0	0	0	0	0	0	0	0	0	0	0	0	0	0	0	0	0	0	0	0	0	0	0	1	1	1	1	1	1	1	1	1	1	1	1	1	1	1	1	1	1	1	"Violent"	"Easy"
"155"	1	1	1	1	1	1	1	1	1	1	1	1	1	"1"	1	1	1	1	1	1	1	1	1	1	1	1	1	1	1	1	1	"1"	1	0	0	0	0	0	0	0	0	0	0	0	0	0	0	0	0	0	0	0	0	0	0	0	0	0	0	0	0	0	0	0	0	0	0	0	0	0	0	1	1	1	1	1	1	1	1	1	1	1	1	1	1	1	1	1	1	1	"Violent"	"Easy"
"156"	1	1	1	1	1	1	1	1	1	1	1	1	1	"1"	1	1	1	1	1	1	1	1	1	1	1	1	1	1	1	1	1	"1"	1	0	0	0	0	0	0	0	0	0	0	0	0	0	0	0	0	0	0	0	0	0	0	0	0	0	0	0	0	0	0	0	0	0	0	0	0	0	0	1	1	1	1	1	1	1	1	1	1	1	1	1	1	1	1	1	1	1	"Violent"	"Easy"
"157"	1	1	1	1	1	1	1	1	1	1	1	1	1	"1"	1	1	1	1	1	1	1	1	1	1	1	1	1	1	1	1	1	"1"	1	0	0	0	0	0	0	0	0	0	0	0	0	0	0	0	0	0	0	0	0	0	0	0	0	0	0	0	0	0	0	0	0	0	0	0	0	0	0	1	1	1	1	1	1	1	1	1	1	1	1	1	1	1	1	1	1	1	"Violent"	"Easy"
"158"	1	1	1	1	1	1	1	1	1	1	1	1	1	"1"	1	1	1	1	1	1	1	1	1	1	1	1	1	1	1	1	1	"1"	1	0	0	0	0	0	0	0	0	0	0	0	0	0	0	0	0	0	0	0	0	0	0	0	0	0	0	0	0	0	0	0	0	0	0	0	0	0	0	1	1	1	1	1	1	1	1	1	1	1	1	1	1	1	1	1	1	1	"Violent"	"Easy"
"159"	1	1	1	1	1	1	1	1	1	1	1	1	1	"1"	1	1	1	1	1	1	1	1	1	1	1	1	1	1	1	1	1	"1"	1	0	0	0	0	0	0	0	0	0	0	0	0	0	0	0	0	0	0	0	0	0	0	0	0	0	0	0	0	0	0	0	0	0	0	0	0	0	0	1	1	1	1	1	1	1	1	1	1	1	1	1	1	1	1	1	1	1	"Violent"	"Easy"
"16"	1	1	1	1	1	1	1	1	1	1	1	1	1	"1"	1	1	1	1	1	1	1	1	1	1	1	1	1	1	1	1	1	"1"	1	1	1	1	1	1	1	1	1	1	1	1	1	1	1	1	1	1	1	1	1	1	1	1	1	1	1	1	1	1	1	1	1	1	1	1	1	1	1	1	1	1	1	1	1	1	1	1	1	1	1	1	1	1	1	1	1	1	"Violent"	"Easy"
"160"	1	1	1	1	1	1	1	1	1	1	1	1	1	"1"	1	1	1	1	1	1	1	1	1	1	1	1	1	1	1	1	1	"1"	1	0	0	0	0	0	0	0	0	0	0	0	0	0	0	0	0	0	0	0	0	0	0	0	0	0	0	0	0	0	0	0	0	0	0	0	0	0	0	1	1	1	1	1	1	1	1	1	1	1	1	1	1	1	1	1	1	1	"Violent"	"Easy"
"161"	1	1	1	1	1	1	1	1	1	1	1	1	1	"1"	1	1	1	1	1	1	1	1	1	1	1	1	1	1	1	1	1	"1"	1	0	0	0	0	0	0	0	0	0	0	0	0	0	0	0	0	0	0	0	0	0	0	0	0	0	0	0	0	0	0	0	0	0	0	0	0	0	0	1	1	1	1	1	1	1	1	1	1	1	1	1	1	1	1	1	1	1	"Violent"	"Easy"
"162"	1	1	1	1	1	1	1	1	1	1	1	1	1	"1"	1	1	1	1	1	1	1	1	1	1	1	1	1	1	1	1	1	"1"	1	0	0	0	0	0	0	0	0	0	0	0	0	0	0	0	0	0	0	0	0	0	0	0	0	0	0	0	0	0	0	0	0	0	0	0	0	0	0	1	1	1	1	1	1	1	1	1	1	1	1	1	1	1	1	1	1	1	"Violent"	"Easy"
"163"	1	1	1	1	1	1	1	1	1	1	1	1	1	"1"	1	1	1	1	1	1	1	1	1	1	1	1	1	1	1	1	1	"1"	1	0	0	0	0	0	0	0	0	0	0	0	0	0	0	0	0	0	0	0	0	0	0	0	0	0	0	0	0	0	0	0	0	0	0	0	0	0	0	1	1	1	1	1	1	1	1	1	1	1	1	1	1	1	1	1	1	1	"Violent"	"Easy"
"164"	1	1	1	1	1	1	1	1	1	1	1	1	1	"1"	1	1	1	1	1	1	1	1	1	1	1	1	1	1	1	1	1	"1"	1	0	0	0	0	0	0	0	0	0	0	0	0	0	0	0	0	0	0	0	0	0	0	0	0	0	0	0	0	0	0	0	0	0	0	0	0	0	0	1	1	1	1	1	1	1	1	1	1	1	1	1	1	1	1	1	1	1	"Violent"	"Easy"
"165"	0	0	0	0	0	0	0	0	0	0	0	0	0	"0"	0	0	0	0	0	0	1	1	1	1	1	1	1	1	1	1	1	"1"	1	0	0	0	0	0	0	0	0	0	0	0	0	0	0	0	0	0	0	0	0	0	0	0	0	0	0	0	0	0	0	0	0	0	0	0	0	0	0	1	1	1	1	1	1	1	1	1	1	1	1	1	1	1	1	1	1	1	"Violent"	"Easy"
"166"	0	0	0	0	0	0	0	0	0	0	0	0	0	"0"	0	0	0	0	1	1	1	1	1	1	1	1	1	1	1	1	1	"1"	1	0	0	0	0	0	0	0	0	0	0	0	0	0	0	0	0	0	0	0	0	0	0	0	0	0	0	0	0	0	0	0	0	0	0	0	0	0	0	1	1	1	1	1	1	1	1	1	1	1	1	1	1	1	1	1	1	1	"Violent"	"Easy"
"167"	0	0	0	0	0	0	0	0	0	0	0	0	0	"0"	0	0	0	0	0	0	1	1	1	1	1	1	1	1	1	1	1	"1"	1	0	0	0	0	0	0	0	0	0	0	0	0	0	0	0	0	0	0	0	0	0	0	0	0	0	0	0	0	0	0	0	0	0	0	0	0	0	0	1	1	1	1	1	1	1	1	1	1	1	1	1	1	1	1	1	1	1	"Violent"	"Easy"
"168"	0	0	0	0	0	0	0	0	0	0	0	0	0	"0"	0	0	0	0	0	0	1	1	1	1	1	1	1	1	1	1	1	"1"	1	1	1	1	1	1	1	1	1	1	1	1	1	1	1	1	1	1	1	1	1	1	1	1	1	1	1	1	1	1	1	1	1	1	1	1	1	1	1	1	1	1	1	1	1	1	1	1	1	1	1	1	1	1	1	1	1	1	"Violent"	"Easy"
"169"	1	1	1	1	1	1	1	1	1	1	1	1	1	"1"	1	1	1	1	1	1	1	1	1	1	1	1	1	1	1	1	1	"1"	1	0	0	0	0	0	0	0	0	0	0	0	0	0	0	0	0	0	0	0	0	0	0	0	0	0	0	0	0	0	0	0	0	0	0	0	0	0	0	1	1	1	1	1	1	1	1	1	1	1	1	1	1	1	1	1	1	1	"Violent"	"Easy"
"17"	1	1	1	1	1	1	1	1	1	1	1	1	1	"1"	1	1	1	1	1	1	0	0	0	0	0	0	0	0	0	0	0	"0"	0	1	1	1	1	1	1	1	1	1	1	1	1	1	1	1	1	1	1	1	1	1	1	1	1	1	1	1	1	1	1	1	1	1	1	1	1	1	1	1	1	1	1	1	1	1	1	1	1	1	1	1	1	1	1	1	1	1	"Nonviolent"	"Easy"
"170"	1	1	1	1	1	1	1	1	1	1	1	1	1	"1"	1	1	1	1	0	0	1	1	1	1	1	1	1	1	1	1	1	"1"	1	0	0	0	0	0	0	0	0	0	0	0	0	0	0	0	0	0	0	0	0	0	0	0	0	0	0	0	0	0	0	0	0	0	0	0	0	0	0	1	1	1	1	1	1	1	1	1	1	1	1	1	1	1	1	1	1	1	"Violent"	"Easy"
"171"	1	1	1	1	1	1	1	1	1	1	1	1	1	"1"	1	1	1	1	1	1	1	1	1	1	1	1	1	1	1	1	1	"1"	1	0	0	0	0	0	0	0	0	0	0	0	0	0	0	0	0	0	0	0	0	0	0	0	0	0	0	0	0	0	0	0	0	0	0	0	0	0	0	1	1	1	1	1	1	1	1	1	1	1	1	1	1	1	1	1	1	1	"Violent"	"Easy"
"172"	1	1	1	1	1	1	1	1	1	1	1	1	1	"1"	1	1	1	1	1	1	1	1	1	1	1	1	1	1	1	1	1	"1"	1	0	0	0	0	0	0	0	0	0	0	0	0	0	0	0	0	0	0	0	0	0	0	0	0	0	0	0	0	0	0	0	0	0	0	0	0	0	0	1	1	1	1	1	1	1	1	1	1	1	1	1	1	1	1	1	1	1	"Violent"	"Easy"
"173"	1	1	1	1	1	1	1	1	1	1	1	1	1	"1"	1	1	1	1	1	1	1	1	1	1	1	1	1	1	1	1	1	"1"	1	0	0	0	0	0	0	0	0	0	0	0	0	0	0	0	0	0	0	0	0	0	0	0	0	0	0	0	0	0	0	0	0	0	0	0	0	0	0	1	1	1	1	1	1	1	1	1	1	1	1	1	1	1	1	1	1	1	"Violent"	"Easy"
"174"	1	1	1	1	1	1	1	1	1	1	1	1	1	"1"	1	1	1	1	1	1	1	1	1	1	1	1	1	1	1	1	1	"1"	1	0	0	0	0	0	0	0	0	0	0	0	0	0	0	0	0	0	0	0	0	0	0	0	0	0	0	0	0	0	0	0	0	0	0	0	0	0	0	1	1	1	1	1	1	1	1	1	1	1	1	1	1	1	1	1	1	1	"Violent"	"Easy"
"175"	1	1	1	1	1	1	1	1	1	1	1	1	1	"1"	1	1	1	1	1	1	1	1	1	1	1	1	1	1	1	1	1	"1"	1	0	0	0	0	0	0	0	0	0	0	0	0	0	0	0	0	0	0	0	0	0	0	0	0	0	0	0	0	0	0	0	0	0	0	0	0	0	0	1	1	1	1	1	1	1	1	1	1	1	1	1	1	1	1	1	1	1	"Violent"	"Easy"
"176"	1	1	1	1	1	1	1	1	1	1	1	1	1	"1"	1	1	1	1	1	1	1	1	1	1	1	1	1	1	1	1	1	"1"	1	0	0	0	0	0	0	0	0	0	0	0	0	0	0	0	0	0	0	0	0	0	0	0	0	0	0	0	0	0	0	0	0	0	0	0	0	0	0	1	1	1	1	1	1	1	1	1	1	1	1	1	1	1	1	1	1	1	"Violent"	"Easy"
"177"	1	1	1	1	1	1	1	1	1	1	1	1	1	"1"	1	1	1	1	1	1	1	1	1	1	1	1	1	1	1	1	1	"1"	1	0	0	0	0	0	0	0	0	0	0	0	0	0	0	0	0	0	0	0	0	0	0	0	0	0	0	0	0	0	0	0	0	0	0	0	0	0	0	1	1	1	1	1	1	1	1	1	1	1	1	1	1	1	1	1	1	1	"Violent"	"Easy"
"178"	1	1	1	1	1	1	1	1	1	1	1	1	1	"1"	1	1	1	1	0	0	1	1	1	1	1	1	1	1	1	1	1	"1"	1	0	0	0	0	0	0	0	0	0	0	0	0	0	0	0	0	0	0	0	0	0	0	0	0	0	0	0	0	0	0	0	0	0	0	0	0	0	0	1	1	1	1	1	1	1	1	1	1	1	1	1	1	1	1	1	1	1	"Violent"	"Easy"
"179"	1	1	1	1	1	1	1	1	1	1	1	1	1	"1"	1	1	1	1	1	1	1	1	1	1	1	1	1	1	1	1	1	"1"	1	0	0	0	0	0	0	0	0	0	0	0	0	0	0	0	0	0	0	0	0	0	0	0	0	0	0	0	0	0	0	0	0	0	0	0	0	0	0	1	1	1	1	1	1	1	1	1	1	1	1	1	1	1	1	1	1	1	"Violent"	"Easy"
"18"	1	1	1	1	1	1	1	1	1	1	1	1	1	"1"	1	1	1	1	1	1	1	1	1	1	1	1	1	1	1	1	1	"1"	1	1	1	1	1	1	1	1	1	1	1	1	1	1	1	1	1	1	1	1	1	1	1	1	1	1	1	1	1	1	1	1	1	1	1	1	1	1	1	1	1	1	1	1	1	1	1	1	1	1	1	1	1	1	1	1	1	1	"Violent"	"Easy"
"180"	1	1	1	1	1	1	1	1	1	1	1	1	1	"1"	1	1	1	1	1	1	1	1	1	1	1	1	1	1	1	1	1	"1"	1	0	0	0	0	0	0	0	0	0	0	0	0	0	0	0	0	0	0	0	0	0	0	0	0	0	0	0	0	0	0	0	0	0	0	0	0	0	0	1	1	1	1	1	1	1	1	1	1	1	1	1	1	1	1	1	1	1	"Violent"	"Easy"
"181"	1	1	1	1	1	1	1	1	1	1	1	1	1	"1"	1	1	1	1	1	1	1	1	1	1	1	1	1	1	1	1	1	"1"	1	0	0	0	0	0	0	0	0	0	0	0	0	0	0	0	0	0	0	0	0	0	0	0	0	0	0	0	0	0	0	0	0	0	0	0	0	0	0	1	1	1	1	1	1	1	1	1	1	1	1	1	1	1	1	1	1	1	"Violent"	"Easy"
"182"	1	1	1	1	1	1	1	1	1	1	1	1	1	"1"	1	1	1	1	1	1	1	1	1	1	1	1	1	1	1	1	1	"1"	1	0	0	0	0	0	0	0	0	0	0	0	0	0	0	0	0	0	0	0	0	0	0	0	0	0	0	0	0	0	0	0	0	0	0	0	0	0	0	1	1	1	1	1	1	1	1	1	1	1	1	1	1	1	1	1	1	1	"Violent"	"Easy"
"183"	1	1	1	1	1	1	1	1	1	1	1	1	1	"1"	1	1	1	1	1	1	1	1	1	1	1	1	1	1	1	1	1	"1"	1	1	1	1	1	1	1	1	1	1	1	1	1	1	1	1	1	1	1	1	1	1	1	1	1	1	1	1	1	1	1	1	1	1	1	1	1	1	1	1	1	1	1	1	1	1	1	1	1	1	1	1	1	1	1	1	1	1	"Violent"	"Easy"
"184"	1	1	1	1	1	1	1	1	1	1	1	1	1	"1"	1	1	1	1	1	1	1	1	1	1	1	1	1	1	1	1	1	"1"	1	1	1	1	1	1	1	1	1	1	1	1	1	1	1	1	1	1	1	1	1	1	1	1	1	1	1	1	1	1	1	1	1	1	1	1	1	1	1	1	1	1	1	1	1	1	1	1	1	1	1	1	1	1	1	1	1	1	"Violent"	"Easy"
"185"	1	1	1	1	1	1	1	1	1	1	1	1	1	"1"	1	1	1	1	1	1	1	1	1	1	1	1	1	1	1	1	1	"1"	1	1	1	1	1	1	1	1	1	1	1	1	1	1	1	1	1	1	1	1	1	1	1	1	1	1	1	1	1	1	1	1	1	1	1	1	1	1	1	1	1	1	1	1	1	1	1	1	1	1	1	1	1	1	1	1	1	1	"Violent"	"Easy"
"186"	0	0	0	0	0	0	0	0	0	0	0	0	0	"0"	0	0	0	0	0	0	1	1	1	1	1	1	1	1	1	1	1	"1"	1	0	0	0	0	0	0	0	0	0	0	0	0	0	0	0	0	0	0	0	0	0	0	0	0	0	0	0	0	0	0	0	0	0	0	0	0	0	0	1	1	1	1	1	1	1	1	1	1	1	1	1	1	1	1	1	1	1	"Violent"	"Easy"
"187"	1	1	1	1	1	1	1	1	1	1	1	1	1	"1"	1	1	1	1	1	1	1	1	1	1	1	1	1	1	1	1	1	"1"	1	1	1	1	1	1	1	1	1	1	1	1	1	1	1	1	1	1	1	1	1	1	1	1	1	1	1	1	1	1	1	1	1	1	1	1	1	1	1	1	1	1	1	1	1	1	1	1	1	1	1	1	1	1	1	1	1	1	"Violent"	"Easy"
"188"	1	1	1	1	1	1	1	1	1	1	1	1	1	"1"	1	1	1	1	1	1	0	0	0	0	0	0	0	0	0	0	0	"0"	0	1	1	1	1	1	1	1	1	1	1	1	1	1	1	1	1	1	1	1	1	1	1	1	1	1	1	1	1	1	1	1	1	1	1	1	1	1	1	1	1	1	1	1	1	1	1	1	1	1	1	1	1	1	1	1	1	1	"Nonviolent"	"Easy"
"189"	1	1	1	1	1	1	1	1	1	1	1	1	1	"1"	1	1	1	1	1	1	1	1	1	1	1	1	1	1	1	1	1	"1"	1	1	1	1	1	1	1	1	1	1	1	1	1	1	1	1	1	1	1	1	1	1	1	1	1	1	1	1	1	1	1	1	1	1	1	1	1	1	1	1	1	1	1	1	1	1	1	1	1	1	1	1	1	1	1	1	1	1	"Violent"	"Easy"
"19"	1	1	1	1	1	1	1	1	1	1	1	1	1	"1"	1	1	1	1	1	1	1	1	1	1	1	1	1	1	1	1	1	"1"	1	1	1	1	1	1	1	1	1	1	1	1	1	1	1	1	1	1	1	1	1	1	1	1	1	1	1	1	1	1	1	1	1	1	1	1	1	1	1	1	1	1	1	1	1	1	1	1	1	1	1	1	1	1	1	1	1	1	"Violent"	"Easy"
"190"	1	1	1	1	1	1	1	1	1	1	1	1	1	"1"	1	1	1	1	1	1	1	1	1	1	1	1	1	1	1	1	1	"1"	1	1	1	1	1	1	1	1	1	1	1	1	1	1	1	1	1	1	1	1	1	1	1	1	1	1	1	1	1	1	1	1	1	1	1	1	1	1	1	1	1	1	1	1	1	1	1	1	1	1	1	1	1	1	1	1	1	1	"Violent"	"Easy"
"191"	1	1	1	1	1	1	1	1	1	1	1	1	1	"1"	1	1	1	1	1	1	1	1	1	1	1	1	1	1	1	1	1	"1"	1	1	1	1	1	1	1	1	1	1	1	1	1	1	1	1	1	1	1	1	1	1	1	1	1	1	1	1	1	1	1	1	1	1	1	1	1	1	1	1	1	1	1	1	1	1	1	1	1	1	1	1	1	1	1	1	1	1	"Violent"	"Easy"
"192"	1	1	1	1	1	1	1	1	1	1	1	1	1	"1"	1	1	1	1	1	1	1	1	1	1	1	1	1	1	1	1	1	"1"	1	1	1	1	1	1	1	1	1	1	1	1	1	1	1	1	1	1	1	1	1	1	1	1	1	1	1	1	1	1	1	1	1	1	1	1	1	1	1	1	1	1	1	1	1	1	1	1	1	1	1	1	1	1	1	1	1	1	"Violent"	"Easy"
"193"	1	1	1	1	1	1	1	1	1	1	1	1	1	"1"	1	1	1	1	1	1	1	1	1	1	1	1	1	1	1	1	1	"1"	1	1	1	1	1	1	1	1	1	1	1	1	1	1	1	1	1	1	1	1	1	1	1	1	1	1	1	1	1	1	1	1	1	1	1	1	1	1	1	1	1	1	1	1	1	1	1	1	1	1	1	1	1	1	1	1	1	1	"Violent"	"Easy"
"194"	1	1	1	1	1	1	1	1	1	1	1	1	1	"1"	1	1	1	1	1	1	1	1	1	1	1	1	1	1	1	1	1	"1"	1	1	1	1	1	1	1	1	1	1	1	1	1	1	1	1	1	1	1	1	1	1	1	1	1	1	1	1	1	1	1	1	1	1	1	1	1	1	1	1	1	1	1	1	1	1	1	1	1	1	1	1	1	1	1	1	1	1	"Violent"	"Easy"
"195"	1	1	1	1	1	1	1	1	1	1	1	1	1	"1"	1	1	1	1	1	1	1	1	1	1	1	1	1	1	1	1	1	"1"	1	1	1	1	1	1	1	1	1	1	1	1	1	1	1	1	1	1	1	1	1	1	1	1	1	1	1	1	1	1	1	1	1	1	1	1	1	1	1	1	1	1	1	1	1	1	1	1	1	1	1	1	1	1	1	1	1	1	"Violent"	"Easy"
"196"	1	1	1	1	1	1	1	1	1	1	1	1	1	"1"	1	1	1	1	1	1	1	1	1	1	1	1	1	1	1	1	1	"1"	1	1	1	1	1	1	1	1	1	1	1	1	1	1	1	1	1	1	1	1	1	1	1	1	1	1	1	1	1	1	1	1	1	1	1	1	1	1	1	1	1	1	1	1	1	1	1	1	1	1	1	1	1	1	1	1	1	1	"Violent"	"Easy"
"197"	1	1	1	1	1	1	1	1	1	1	1	1	1	"1"	1	1	1	1	1	1	1	1	1	1	1	1	1	1	1	1	1	"1"	1	1	1	1	1	1	1	1	1	1	1	1	1	1	1	1	1	1	1	1	1	1	1	1	1	1	1	1	1	1	1	1	1	1	1	1	1	1	1	0	0	0	0	0	0	0	1	1	1	1	1	1	1	1	1	1	1	1	"Violent"	"Easy"
"198"	1	1	1	1	1	1	1	1	1	1	1	1	1	"1"	1	1	1	1	1	1	1	1	1	1	1	1	1	1	1	1	1	"1"	1	1	1	1	1	1	1	1	1	1	1	1	1	1	1	1	1	1	1	1	1	1	1	1	1	1	1	1	1	1	1	1	1	1	1	1	1	1	1	1	1	1	1	1	1	1	1	1	1	1	1	1	1	1	1	1	1	1	"Violent"	"Easy"
"199"	1	1	1	1	1	1	1	1	1	1	1	1	1	"1"	1	1	1	1	1	1	1	1	1	1	1	1	1	1	1	1	1	"1"	1	1	1	1	1	1	1	1	1	1	1	1	1	1	1	1	1	1	1	1	1	1	1	1	1	1	1	1	1	1	1	1	1	1	1	1	1	1	1	1	1	1	1	1	1	1	1	1	1	1	1	1	1	1	1	1	1	1	"Violent"	"Easy"
"2"	1	1	1	1	1	1	1	1	1	1	1	1	1	"1"	1	1	1	1	1	1	1	1	1	1	1	1	1	1	1	1	1	"1"	1	1	1	1	1	1	1	1	1	1	1	1	1	1	1	1	1	1	1	1	1	1	1	1	1	1	1	1	1	1	1	1	1	1	1	1	1	1	1	0	0	0	0	0	0	0	1	1	1	1	1	1	1	1	1	1	1	1	"Violent"	"Easy"
"2/4a"	0	0	0	0	0	0	0	0	0	0	0	0	0	"0"	0	0	0	0	0	0	0	0	0	0	0	0	0	0	0	0	0	"0"	0	0	0	0	0	0	0	0	0	0	0	0	0	0	0	0	0	0	0	0	0	0	0	0	0	0	0	0	0	0	0	0	0	0	0	0	0	0	0	1	1	1	1	1	1	1	0	0	0	0	0	0	0	0	0	0	0	0	"Nonviolent"	"Easy"
"2/4b"	0	0	0	0	0	0	0	0	0	0	0	0	0	"0"	0	0	0	0	0	0	0	0	0	0	0	0	0	0	0	0	0	"0"	0	0	0	0	0	0	0	0	0	0	0	0	0	0	0	0	0	0	0	0	0	0	0	0	0	0	0	0	0	0	0	0	0	0	0	0	0	0	0	1	1	1	1	1	1	1	0	0	0	0	0	0	0	0	0	0	0	0	"Nonviolent"	"Easy"
"20"	1	1	1	1	1	1	1	1	1	1	1	1	1	"1"	1	1	1	1	1	1	1	1	1	1	1	1	1	1	1	1	1	"1"	1	1	1	1	1	1	1	1	1	1	1	1	1	1	1	1	1	1	1	1	1	1	1	1	1	1	1	1	1	1	1	1	1	1	1	1	1	1	1	1	1	1	1	1	1	1	1	1	1	1	1	1	1	1	1	1	1	1	"Violent"	"Easy"
"200"	1	1	1	1	1	1	1	1	1	1	1	1	1	"1"	1	1	1	1	1	1	1	1	1	1	1	1	1	1	1	1	1	"1"	1	1	1	1	1	1	1	1	1	1	1	1	1	1	1	1	1	1	1	1	1	1	1	1	1	1	1	1	1	1	1	1	1	1	1	1	1	1	1	1	1	1	1	1	1	1	1	1	1	1	1	1	1	1	1	1	1	1	"Violent"	"Easy"
"201"	1	1	1	1	1	1	1	1	1	1	1	1	1	"1"	1	1	1	1	1	1	1	1	1	1	1	1	1	1	1	1	1	"1"	1	1	1	1	1	1	1	1	1	1	1	1	1	1	1	1	1	1	1	1	1	1	1	1	1	1	1	1	1	1	1	1	1	1	1	1	1	1	1	1	1	1	1	1	1	1	1	1	1	1	1	1	1	1	1	1	1	1	"Violent"	"Easy"
"202"	1	1	1	1	1	1	1	1	1	1	1	1	1	"1"	1	1	1	1	1	1	1	1	1	1	1	1	1	1	1	1	1	"1"	1	1	1	1	1	1	1	1	1	1	1	1	1	1	1	1	1	1	1	1	1	1	1	1	1	1	1	1	1	1	1	1	1	1	1	1	1	1	1	1	1	1	1	1	1	1	1	1	1	1	1	1	1	1	1	1	1	1	"Violent"	"Easy"
"203"	1	1	1	1	1	1	1	1	1	1	1	1	1	"1"	1	1	1	1	0	0	1	1	1	1	1	1	1	1	1	1	1	"1"	1	1	1	1	1	1	1	1	1	1	1	1	1	1	1	1	1	1	1	1	1	1	1	1	1	1	1	1	1	1	1	1	1	1	1	1	1	1	1	1	1	1	1	1	1	1	1	1	1	1	1	1	1	1	1	1	1	1	"Violent"	"Easy"
"204"	1	1	1	1	1	1	1	1	1	1	1	1	1	"1"	1	1	1	1	1	1	1	1	1	1	1	1	1	1	1	1	1	"1"	1	1	1	1	1	1	1	1	1	1	1	1	1	1	1	1	1	1	1	1	1	1	1	1	1	1	1	1	1	1	1	1	1	1	1	1	1	1	1	1	1	1	1	1	1	1	1	1	1	1	1	1	1	1	1	1	1	1	"Violent"	"Easy"
"205"	1	1	1	1	1	1	1	1	1	1	1	1	1	"1"	1	1	1	1	1	1	1	1	1	1	1	1	1	1	1	1	1	"1"	1	1	1	1	1	1	1	1	1	1	1	1	1	1	1	1	1	1	1	1	1	1	1	1	1	1	1	1	1	1	1	1	1	1	1	1	1	1	1	1	1	1	1	1	1	1	1	1	1	1	1	1	1	1	1	1	1	1	"Violent"	"Easy"
"206"	1	1	1	1	1	1	1	1	1	1	1	1	1	"1"	1	1	1	1	1	1	1	1	1	1	1	1	1	1	1	1	1	"1"	1	1	1	1	1	1	1	1	1	1	1	1	1	1	1	1	1	1	1	1	1	1	1	1	1	1	1	1	1	1	1	1	1	1	1	1	1	1	1	1	1	1	1	1	1	1	1	1	1	1	1	1	1	1	1	1	1	1	"Violent"	"Easy"
"207"	1	1	1	1	1	1	1	1	1	1	1	1	1	"1"	1	1	1	1	1	1	1	1	1	1	1	1	1	1	1	1	1	"1"	1	1	1	1	1	1	1	1	1	1	1	1	1	1	1	1	1	1	1	1	1	1	1	1	1	1	1	1	1	1	1	1	1	1	1	1	1	1	1	1	1	1	1	1	1	1	1	1	1	1	1	1	1	1	1	1	1	1	"Violent"	"Easy"
"208"	1	1	1	1	1	1	1	1	1	1	1	1	1	"1"	1	1	1	1	1	1	0	0	0	0	0	0	0	0	0	0	0	"0"	0	1	1	1	1	1	1	1	1	1	1	1	1	1	1	1	1	1	1	1	1	1	1	1	1	1	1	1	1	1	1	1	1	1	1	1	1	1	1	1	1	1	1	1	1	1	1	1	1	1	1	1	1	1	1	1	1	1	"Nonviolent"	"Easy"
"209"	1	1	1	1	1	1	1	1	1	1	1	1	1	"1"	1	1	1	1	1	1	1	1	1	1	1	1	1	1	1	1	1	"1"	1	1	1	1	1	1	1	1	1	1	1	1	1	1	1	1	1	1	1	1	1	1	1	1	1	1	1	1	1	1	1	1	1	1	1	1	1	1	1	1	1	1	1	1	1	1	1	1	1	1	1	1	1	1	1	1	1	1	"Violent"	"Easy"
"21"	1	1	1	1	1	1	1	1	1	1	1	1	1	"1"	1	1	1	1	1	1	1	1	1	1	1	1	1	1	1	1	1	"1"	1	1	1	1	1	1	1	1	1	1	1	1	1	1	1	1	1	1	1	1	1	1	1	1	1	1	1	1	1	1	1	1	1	1	1	1	1	1	1	1	1	1	1	1	1	1	1	1	1	1	1	1	1	1	1	1	1	1	"Violent"	"Easy"
"210"	1	1	1	1	1	1	1	1	1	1	1	1	1	"1"	1	1	1	1	1	1	1	1	1	1	1	1	1	1	1	1	1	"1"	1	1	1	1	1	1	1	1	1	1	1	1	1	1	1	1	1	1	1	1	1	1	1	1	1	1	1	1	1	1	1	1	1	1	1	1	1	1	1	1	1	1	1	1	1	1	1	1	1	1	1	1	1	1	1	1	1	1	"Violent"	"Easy"
"211"	1	1	1	1	1	1	1	1	1	1	1	1	1	"1"	1	1	1	1	1	1	1	1	1	1	1	1	1	1	1	1	1	"1"	1	1	1	1	1	1	1	1	1	1	1	1	1	1	1	1	1	1	1	1	1	1	1	1	1	1	1	1	1	1	1	1	1	1	1	1	1	1	1	1	1	1	1	1	1	1	1	1	1	1	1	1	1	1	1	1	1	1	"Violent"	"Easy"
"212"	1	1	1	1	1	1	1	1	1	1	1	1	1	"1"	1	1	1	1	1	1	1	1	1	1	1	1	1	1	1	1	1	"1"	1	1	1	1	1	1	1	1	1	1	1	1	1	1	1	1	1	1	1	1	1	1	1	1	1	1	1	1	1	1	1	1	1	1	1	1	1	1	1	1	1	1	1	1	1	1	1	1	1	1	1	1	1	1	1	1	1	1	"Violent"	"Easy"
"213"	1	1	1	1	1	1	1	1	1	1	1	1	1	"1"	1	1	1	1	1	1	1	1	1	1	1	1	1	1	1	1	1	"1"	1	1	1	1	1	1	1	1	1	1	1	1	1	1	1	1	1	1	1	1	1	1	1	1	1	1	1	1	1	1	1	1	1	1	1	1	1	1	1	1	1	1	1	1	1	1	1	1	1	1	1	1	1	1	1	1	1	1	"Violent"	"Easy"
"214"	1	1	1	1	1	1	1	1	1	1	1	1	1	"1"	1	1	1	1	1	1	1	1	1	1	1	1	1	1	1	1	1	"1"	1	1	1	1	1	1	1	1	1	1	1	1	1	1	1	1	1	1	1	1	1	1	1	1	1	1	1	1	1	1	1	1	1	1	1	1	1	1	1	1	1	1	1	1	1	1	1	1	1	1	1	1	1	1	1	1	1	1	"Violent"	"Easy"
"215"	1	1	1	1	1	1	1	1	1	1	1	1	1	"1"	1	1	1	1	1	1	1	1	1	1	1	1	1	1	1	1	1	"1"	1	1	1	1	1	1	1	1	1	1	1	1	1	1	1	1	1	1	1	1	1	1	1	1	1	1	1	1	1	1	1	1	1	1	1	1	1	1	1	1	1	1	1	1	1	1	1	1	1	1	1	1	1	1	1	1	1	1	"Violent"	"Easy"
"216"	0	0	0	0	0	0	0	0	0	0	0	0	0	"0"	0	0	0	0	0	0	1	1	1	1	1	1	1	1	1	1	1	"1"	1	0	0	0	0	0	0	0	0	0	0	0	0	0	0	0	0	0	0	0	0	0	0	0	0	0	0	0	0	0	0	0	0	0	0	0	0	0	0	0	0	0	0	0	0	0	1	1	1	1	1	1	1	1	1	1	1	1	"Violent"	"Easy"
"217"	1	1	1	1	1	1	1	1	1	1	1	1	1	"1"	1	1	1	1	1	1	1	1	1	1	1	1	1	1	1	1	1	"1"	1	1	1	1	1	1	1	1	1	1	1	1	1	1	1	1	1	1	1	1	1	1	1	1	1	1	1	1	1	1	1	1	1	1	1	1	1	1	1	1	1	1	1	1	1	1	1	1	1	1	1	1	1	1	1	1	1	1	"Violent"	"Easy"
"218"	1	1	1	1	1	1	1	1	1	1	1	1	1	"1"	1	1	1	1	1	1	1	1	1	1	1	1	1	1	1	1	1	"1"	1	1	1	1	1	1	1	1	1	1	1	1	1	1	1	1	1	1	1	1	1	1	1	1	1	1	1	1	1	1	1	1	1	1	1	1	1	1	1	1	1	1	1	1	1	1	1	1	1	1	1	1	1	1	1	1	1	1	"Violent"	"Easy"
"219"	1	1	1	1	1	1	1	1	1	1	1	1	1	"1"	1	1	1	1	1	1	1	1	1	1	1	1	1	1	1	1	1	"1"	1	1	1	1	1	1	1	1	1	1	1	1	1	1	1	1	1	1	1	1	1	1	1	1	1	1	1	1	1	1	1	1	1	1	1	1	1	1	1	1	1	1	1	1	1	1	1	1	1	1	1	1	1	1	1	1	1	1	"Violent"	"Easy"
"22"	1	1	1	1	1	1	1	1	1	1	1	1	1	"1"	1	1	1	1	1	1	1	1	1	1	1	1	1	1	1	1	1	"1"	1	1	1	1	1	1	1	1	1	1	1	1	1	1	1	1	1	1	1	1	1	1	1	1	1	1	1	1	1	1	1	1	1	1	1	1	1	1	1	1	1	1	1	1	1	1	1	1	1	1	1	1	1	1	1	1	1	1	"Violent"	"Easy"
"220"	1	1	1	1	1	1	1	1	1	1	1	1	1	"1"	1	1	1	1	1	1	1	1	1	1	1	1	1	1	1	1	1	"1"	1	1	1	1	1	1	1	1	1	1	1	1	1	1	1	1	1	1	1	1	1	1	1	1	1	1	1	1	1	1	1	1	1	1	1	1	1	1	1	1	1	1	1	1	1	1	1	1	1	1	1	1	1	1	1	1	1	1	"Violent"	"Easy"
"221"	1	1	1	1	1	1	1	1	1	1	1	1	1	"1"	1	1	1	1	1	1	1	1	1	1	1	1	1	1	1	1	1	"1"	1	1	1	1	1	1	1	1	1	1	1	1	1	1	1	1	1	1	1	1	1	1	1	1	1	1	1	1	1	1	1	1	1	1	1	1	1	1	1	1	1	1	1	1	1	1	1	1	1	1	1	1	1	1	1	1	1	1	"Violent"	"Easy"
"222"	1	1	1	1	1	1	1	1	1	1	1	1	1	"1"	1	1	1	1	1	1	1	1	1	1	1	1	1	1	1	1	1	"1"	1	1	1	1	1	1	1	1	1	1	1	1	1	1	1	1	1	1	1	1	1	1	1	1	1	1	1	1	1	1	1	1	1	1	1	1	1	1	1	1	1	1	1	1	1	1	1	1	1	1	1	1	1	1	1	1	1	1	"Violent"	"Easy"
"223"	1	1	1	1	1	1	1	1	1	1	1	1	1	"1"	1	1	1	1	1	1	1	1	1	1	1	1	1	1	1	1	1	"1"	1	1	1	1	1	1	1	1	1	1	1	1	1	1	1	1	1	1	1	1	1	1	1	1	1	1	1	1	1	1	1	1	1	1	1	1	1	1	1	1	1	1	1	1	1	1	1	1	1	1	1	1	1	1	1	1	1	1	"Violent"	"Easy"
"224"	1	1	1	1	1	1	1	1	1	1	1	1	1	"1"	1	1	1	1	1	1	1	1	1	1	1	1	1	1	1	1	1	"1"	1	1	1	1	1	1	1	1	1	1	1	1	1	1	1	1	1	1	1	1	1	1	1	1	1	1	1	1	1	1	1	1	1	1	1	1	1	1	1	1	1	1	1	1	1	1	1	1	1	1	1	1	1	1	1	1	1	1	"Violent"	"Easy"
"225"	1	1	1	1	1	1	1	1	1	1	1	1	1	"1"	1	1	1	1	1	1	1	1	1	1	1	1	1	1	1	1	1	"1"	1	1	1	1	1	1	1	1	1	1	1	1	1	1	1	1	1	1	1	1	1	1	1	1	1	1	1	1	1	1	1	1	1	1	1	1	1	1	1	1	1	1	1	1	1	1	1	1	1	1	1	1	1	1	1	1	1	1	"Violent"	"Easy"
"226"	1	1	1	1	1	1	1	1	1	1	1	1	1	"1"	1	1	1	1	1	1	1	1	1	1	1	1	1	1	1	1	1	"1"	1	1	1	1	1	1	1	1	1	1	1	1	1	1	1	1	1	1	1	1	1	1	1	1	1	1	1	1	1	1	1	1	1	1	1	1	1	1	1	1	1	1	1	1	1	1	1	1	1	1	1	1	1	1	1	1	1	1	"Violent"	"Easy"
"227"	1	1	1	1	1	1	1	1	1	1	1	1	1	"1"	1	1	1	1	1	1	1	1	1	1	1	1	1	1	1	1	1	"1"	1	1	1	1	1	1	1	1	1	1	1	1	1	1	1	1	1	1	1	1	1	1	1	1	1	1	1	1	1	1	1	1	1	1	1	1	1	1	1	1	1	1	1	1	1	1	1	1	1	1	1	1	1	1	1	1	1	1	"Violent"	"Easy"
"228"	1	1	1	1	1	1	1	1	1	1	1	1	1	"1"	1	1	1	1	1	1	1	1	1	1	1	1	1	1	1	1	1	"1"	1	1	1	1	1	1	1	1	1	1	1	1	1	1	1	1	1	1	1	1	1	1	1	1	1	1	1	1	1	1	1	1	1	1	1	1	1	1	1	1	1	1	1	1	1	1	1	1	1	1	1	1	1	1	1	1	1	1	"Violent"	"Easy"
"229"	1	1	1	1	1	1	1	1	1	1	1	1	1	"1"	1	1	1	1	1	1	1	1	1	1	1	1	1	1	1	1	1	"1"	1	1	1	1	1	1	1	1	1	1	1	1	1	1	1	1	1	1	1	1	1	1	1	1	1	1	1	1	1	1	1	1	1	1	1	1	1	1	1	1	1	1	1	1	1	1	1	1	1	1	1	1	1	1	1	1	1	1	"Violent"	"Easy"
"23"	1	1	1	1	1	1	1	1	1	1	1	1	1	"1"	1	1	1	1	1	1	1	1	1	1	1	1	1	1	1	1	1	"1"	1	1	1	1	1	1	1	1	1	1	1	1	1	1	1	1	1	1	1	1	1	1	1	1	1	1	1	1	1	1	1	1	1	1	1	1	1	1	1	1	1	1	1	1	1	1	1	1	1	1	1	1	1	1	1	1	1	1	"Violent"	"Easy"
"230"	1	1	1	1	1	1	1	1	1	1	1	1	1	"1"	1	1	1	1	1	1	1	1	1	1	1	1	1	1	1	1	1	"1"	1	1	1	1	1	1	1	1	1	1	1	1	1	1	1	1	1	1	1	1	1	1	1	1	1	1	1	1	1	1	1	1	1	1	1	1	1	1	1	1	1	1	1	1	1	1	1	1	1	1	1	1	1	1	1	1	1	1	"Violent"	"Easy"
"231"	1	1	1	1	1	1	1	1	1	1	1	1	1	"1"	1	1	1	1	1	1	1	1	1	1	1	1	1	1	1	1	1	"1"	1	1	1	1	1	1	1	1	1	1	1	1	1	1	1	1	1	1	1	1	1	1	1	1	1	1	1	1	1	1	1	1	1	1	1	1	1	1	1	1	1	1	1	1	1	1	1	1	1	1	1	1	1	1	1	1	1	1	"Violent"	"Easy"
"232"	1	1	1	1	1	1	1	1	1	1	1	1	1	"1"	1	1	1	1	1	1	1	1	1	1	1	1	1	1	1	1	1	"1"	1	1	1	1	1	1	1	1	1	1	1	1	1	1	1	1	1	1	1	1	1	1	1	1	1	1	1	1	1	1	1	1	1	1	1	1	1	1	1	1	1	1	1	1	1	1	1	1	1	1	1	1	1	1	1	1	1	1	"Violent"	"Easy"
"233"	1	1	1	1	1	1	1	1	1	1	1	1	1	"1"	1	1	1	1	1	1	1	1	1	1	1	1	1	1	1	1	1	"1"	1	1	1	1	1	1	1	1	1	1	1	1	1	1	1	1	1	1	1	1	1	1	1	1	1	1	1	1	1	1	1	1	1	1	1	1	1	1	1	1	1	1	1	1	1	1	1	1	1	1	1	1	1	1	1	1	1	1	"Violent"	"Easy"
"234"	1	1	1	1	1	1	1	1	1	1	1	1	1	"1"	1	1	1	1	1	1	1	1	1	1	1	1	1	1	1	1	1	"1"	1	1	1	1	1	1	1	1	1	1	1	1	1	1	1	1	1	1	1	1	1	1	1	1	1	1	1	1	1	1	1	1	1	1	1	1	1	1	1	1	1	1	1	1	1	1	1	1	1	1	1	1	1	1	1	1	1	1	"Violent"	"Easy"
"235"	1	1	1	1	1	1	1	1	1	1	1	1	1	"1"	1	1	1	1	1	1	1	1	1	1	1	1	1	1	1	1	1	"1"	1	1	1	1	1	1	1	1	1	1	1	1	1	1	1	1	1	1	1	1	1	1	1	1	1	1	1	1	1	1	1	1	1	1	1	1	1	1	1	1	1	1	1	1	1	1	1	1	1	1	1	1	1	1	1	1	1	1	"Violent"	"Easy"
"236"	1	1	1	1	1	1	1	1	1	1	1	1	1	"1"	1	1	1	1	1	1	1	1	1	1	1	1	1	1	1	1	1	"1"	1	1	1	1	1	1	1	1	1	1	1	1	1	1	1	1	1	1	1	1	1	1	1	1	1	1	1	1	1	1	1	1	1	1	1	1	1	1	1	1	1	1	1	1	1	1	1	1	1	1	1	1	1	1	1	1	1	1	"Violent"	"Easy"
"237"	1	1	1	1	1	1	1	1	1	1	1	1	1	"1"	1	1	1	1	1	1	1	1	1	1	1	1	1	1	1	1	1	"1"	1	1	1	1	1	1	1	1	1	1	1	1	1	1	1	1	1	1	1	1	1	1	1	1	1	1	1	1	1	1	1	1	1	1	1	1	1	1	1	1	1	1	1	1	1	1	1	1	1	1	1	1	1	1	1	1	1	1	"Violent"	"Easy"
"238"	1	1	1	1	1	1	1	1	1	1	1	1	1	"1"	1	1	1	1	1	1	1	1	1	1	1	1	1	1	1	1	1	"1"	1	1	1	1	1	1	1	1	1	1	1	1	1	1	1	1	1	1	1	1	1	1	1	1	1	1	1	1	1	1	1	1	1	1	1	1	1	1	1	1	1	1	1	1	1	1	1	1	1	1	1	1	1	1	1	1	1	1	"Violent"	"Easy"
"239"	1	1	1	1	1	1	1	1	1	1	1	1	1	"1"	1	1	1	1	1	1	1	1	1	1	1	1	1	1	1	1	1	"1"	1	1	1	1	1	1	1	1	1	1	1	1	1	1	1	1	1	1	1	1	1	1	1	1	1	1	1	1	1	1	1	1	1	1	1	1	1	1	1	1	1	1	1	1	1	1	1	1	1	1	1	1	1	1	1	1	1	1	"Violent"	"Easy"
"24"	1	1	1	1	1	1	1	1	1	1	1	1	1	"1"	1	1	1	1	1	1	1	1	1	1	1	1	1	1	1	1	1	"1"	1	1	1	1	1	1	1	1	1	1	1	1	1	1	1	1	1	1	1	1	1	1	1	1	1	1	1	1	1	1	1	1	1	1	1	1	1	1	1	1	1	1	1	1	1	1	1	1	1	1	1	1	1	1	1	1	1	1	"Violent"	"Easy"
"240"	1	1	1	1	1	1	1	1	1	1	1	1	1	"1"	1	1	1	1	1	1	1	1	1	1	1	1	1	1	1	1	1	"1"	1	1	1	1	1	1	1	1	1	1	1	1	1	1	1	1	1	1	1	1	1	1	1	1	1	1	1	1	1	1	1	1	1	1	1	1	1	1	1	1	1	1	1	1	1	1	1	1	1	1	1	1	1	1	1	1	1	1	"Violent"	"Easy"
"241"	1	1	1	1	1	1	1	1	1	1	1	1	1	"1"	1	1	1	1	1	1	1	1	1	1	1	1	1	1	1	1	1	"1"	1	1	1	1	1	1	1	1	1	1	1	1	1	1	1	1	1	1	1	1	1	1	1	1	1	1	1	1	1	1	1	1	1	1	1	1	1	1	1	1	1	1	1	1	1	1	1	1	1	1	1	1	1	1	1	1	1	1	"Violent"	"Easy"
"242"	1	1	1	1	1	1	1	1	1	1	1	1	1	"1"	1	1	1	1	1	1	1	1	1	1	1	1	1	1	1	1	1	"1"	1	1	1	1	1	1	1	1	1	1	1	1	1	1	1	1	1	1	1	1	1	1	1	1	1	1	1	1	1	1	1	1	1	1	1	1	1	1	1	1	1	1	1	1	1	1	1	1	1	1	1	1	1	1	1	1	1	1	"Violent"	"Easy"
"243"	1	1	1	1	1	1	1	1	1	1	1	1	1	"1"	1	1	1	1	1	1	1	1	1	1	1	1	1	1	1	1	1	"1"	1	1	1	1	1	1	1	1	1	1	1	1	1	1	1	1	1	1	1	1	1	1	1	1	1	1	1	1	1	1	1	1	1	1	1	1	1	1	1	1	1	1	1	1	1	1	1	1	1	1	1	1	1	1	1	1	1	1	"Violent"	"Easy"
"244"	1	1	1	1	1	1	1	1	1	1	1	1	1	"1"	1	1	1	1	1	1	1	1	1	1	1	1	1	1	1	1	1	"1"	1	1	1	1	1	1	1	1	1	1	1	1	1	1	1	1	1	1	1	1	1	1	1	1	1	1	1	1	1	1	1	1	1	1	1	1	1	1	1	1	1	1	1	1	1	1	1	1	1	1	1	1	1	1	1	1	1	1	"Violent"	"Easy"
"245"	1	1	1	1	1	1	1	1	1	1	1	1	1	"1"	1	1	1	1	1	1	1	1	1	1	1	1	1	1	1	1	1	"1"	1	1	1	1	1	1	1	1	1	1	1	1	1	1	1	1	1	1	1	1	1	1	1	1	1	1	1	1	1	1	1	1	1	1	1	1	1	1	1	1	1	1	1	1	1	1	1	1	1	1	1	1	1	1	1	1	1	1	"Violent"	"Easy"
"246"	1	1	1	1	1	1	1	1	1	1	1	1	1	"1"	1	1	1	1	1	1	1	1	1	1	1	1	1	1	1	1	1	"1"	1	1	1	1	1	1	1	1	1	1	1	1	1	1	1	1	1	1	1	1	1	1	1	1	1	1	1	1	1	1	1	1	1	1	1	1	1	1	1	1	1	1	1	1	1	1	1	1	1	1	1	1	1	1	1	1	1	1	"Violent"	"Easy"
"247"	1	1	1	1	1	1	1	1	1	1	1	1	1	"1"	1	1	1	1	1	1	1	1	1	1	1	1	1	1	1	1	1	"1"	1	1	1	1	1	1	1	1	1	1	1	1	1	1	1	1	1	1	1	1	1	1	1	1	1	1	1	1	1	1	1	1	1	1	1	1	1	1	1	1	1	1	1	1	1	1	1	1	1	1	1	1	1	1	1	1	1	1	"Violent"	"Easy"
"248"	1	1	1	1	1	1	1	1	1	1	1	1	1	"1"	1	1	1	1	1	1	1	1	1	1	1	1	1	1	1	1	1	"1"	1	1	1	1	1	1	1	1	1	1	1	1	1	1	1	1	1	1	1	1	1	1	1	1	1	1	1	1	1	1	1	1	1	1	1	1	1	1	1	1	1	1	1	1	1	1	1	1	1	1	1	1	1	1	1	1	1	1	"Violent"	"Easy"
"249"	1	1	1	1	1	1	1	1	1	1	1	1	1	"1"	1	1	1	1	1	1	1	1	1	1	1	1	1	1	1	1	1	"1"	1	1	1	1	1	1	1	1	1	1	1	1	1	1	1	1	1	1	1	1	1	1	1	1	1	1	1	1	1	1	1	1	1	1	1	1	1	1	1	1	1	1	1	1	1	1	1	1	1	1	1	1	1	1	1	1	1	1	"Violent"	"Easy"
"25"	1	1	1	1	1	1	1	1	1	1	1	1	1	"1"	1	1	1	1	1	1	1	1	1	1	1	1	1	1	1	1	1	"1"	1	1	1	1	1	1	1	1	1	1	1	1	1	1	1	1	1	1	1	1	1	1	1	1	1	1	1	1	1	1	1	1	1	1	1	1	1	1	1	1	1	1	1	1	1	1	1	1	1	1	1	1	1	1	1	1	1	1	"Violent"	"Easy"
"250"	1	1	1	1	1	1	1	1	1	1	1	1	1	"1"	1	1	1	1	1	1	1	1	1	1	1	1	1	1	1	1	1	"1"	1	1	1	1	1	1	1	1	1	1	1	1	1	1	1	1	1	1	1	1	1	1	1	1	1	1	1	1	1	1	1	1	1	1	1	1	1	1	1	1	1	1	1	1	1	1	1	1	1	1	1	1	1	1	1	1	1	1	"Violent"	"Easy"
"251"	1	1	1	1	1	1	1	1	1	1	1	1	1	"1"	1	1	1	1	1	1	1	1	1	1	1	1	1	1	1	1	1	"1"	1	1	1	1	1	1	1	1	1	1	1	1	1	1	1	1	1	1	1	1	1	1	1	1	1	1	1	1	1	1	1	1	1	1	1	1	1	1	1	1	1	1	1	1	1	1	1	1	1	1	1	1	1	1	1	1	1	1	"Violent"	"Easy"
"252"	1	1	1	1	1	1	1	1	1	1	1	1	1	"1"	1	1	1	1	1	1	1	1	1	1	1	1	1	1	1	1	1	"1"	1	1	1	1	1	1	1	1	1	1	1	1	1	1	1	1	1	1	1	1	1	1	1	1	1	1	1	1	1	1	1	1	1	1	1	1	1	1	1	1	1	1	1	1	1	1	1	1	1	1	1	1	1	1	1	1	1	1	"Violent"	"Easy"
"253"	1	1	1	1	1	1	1	1	1	1	1	1	1	"1"	1	1	1	1	1	1	1	1	1	1	1	1	1	1	1	1	1	"1"	1	1	1	1	1	1	1	1	1	1	1	1	1	1	1	1	1	1	1	1	1	1	1	1	1	1	1	1	1	1	1	1	1	1	1	1	1	1	1	1	1	1	1	1	1	1	1	1	1	1	1	1	1	1	1	1	1	1	"Violent"	"Easy"
"254"	1	1	1	1	1	1	1	1	1	1	1	1	1	"1"	1	1	1	1	1	1	1	1	1	1	1	1	1	1	1	1	1	"1"	1	1	1	1	1	1	1	1	1	1	1	1	1	1	1	1	1	1	1	1	1	1	1	1	1	1	1	1	1	1	1	1	1	1	1	1	1	1	1	1	1	1	1	1	1	1	1	1	1	1	1	1	1	1	1	1	1	1	"Violent"	"Easy"
"255"	1	1	1	1	1	1	1	1	1	1	1	1	1	"1"	1	1	1	1	1	1	1	1	1	1	1	1	1	1	1	1	1	"1"	1	1	1	1	1	1	1	1	1	1	1	1	1	1	1	1	1	1	1	1	1	1	1	1	1	1	1	1	1	1	1	1	1	1	1	1	1	1	1	1	1	1	1	1	1	1	1	1	1	1	1	1	1	1	1	1	1	1	"Violent"	"Easy"
"256"	1	1	1	1	1	1	1	1	1	1	1	1	1	"1"	1	1	1	1	1	1	1	1	1	1	1	1	1	1	1	1	1	"1"	1	1	1	1	1	1	1	1	1	1	1	1	1	1	1	1	1	1	1	1	1	1	1	1	1	1	1	1	1	1	1	1	1	1	1	1	1	1	1	1	1	1	1	1	1	1	1	1	1	1	1	1	1	1	1	1	1	1	"Violent"	"Easy"
"257"	1	1	1	1	1	1	1	1	1	1	1	1	1	"1"	1	1	1	1	1	1	1	1	1	1	1	1	1	1	1	1	1	"1"	1	1	1	1	1	1	1	1	1	1	1	1	1	1	1	1	1	1	1	1	1	1	1	1	1	1	1	1	1	1	1	1	1	1	1	1	1	1	1	1	1	1	1	1	1	1	1	1	1	1	1	1	1	1	1	1	1	1	"Violent"	"Easy"
"258"	1	1	1	1	1	1	1	1	1	1	1	1	1	"1"	1	1	1	1	1	1	1	1	1	1	1	1	1	1	1	1	1	"1"	1	1	1	1	1	1	1	1	1	1	1	1	1	1	1	1	1	1	1	1	1	1	1	1	1	1	1	1	1	1	1	1	1	1	1	1	1	1	1	1	1	1	1	1	1	1	1	1	1	1	1	1	1	1	1	1	1	1	"Violent"	"Easy"
"259"	1	1	1	1	1	1	1	1	1	1	1	1	1	"1"	1	1	1	1	1	1	1	1	1	1	1	1	1	1	1	1	1	"1"	1	1	1	1	1	1	1	1	1	1	1	1	1	1	1	1	1	1	1	1	1	1	1	1	1	1	1	1	1	1	1	1	1	1	1	1	1	1	1	1	1	1	1	1	1	1	1	1	1	1	1	1	1	1	1	1	1	1	"Violent"	"Easy"
"26"	1	1	1	1	1	1	1	1	1	1	1	1	1	"1"	1	1	1	1	1	1	1	1	1	1	1	1	1	1	1	1	1	"1"	1	1	1	1	1	1	1	1	1	1	1	1	1	1	1	1	1	1	1	1	1	1	1	1	1	1	1	1	1	1	1	1	1	1	1	1	1	1	1	1	1	1	1	1	1	1	1	1	1	1	1	1	1	1	1	1	1	1	"Violent"	"Easy"
"260"	1	1	1	1	1	1	1	1	1	1	1	1	1	"1"	1	1	1	1	1	1	1	1	1	1	1	1	1	1	1	1	1	"1"	1	1	1	1	1	1	1	1	1	1	1	1	1	1	1	1	1	1	1	1	1	1	1	1	1	1	1	1	1	1	1	1	1	1	1	1	1	1	1	1	1	1	1	1	1	1	1	1	1	1	1	1	1	1	1	1	1	1	"Violent"	"Easy"
"261"	1	1	1	1	1	1	1	1	1	1	1	1	1	"1"	1	1	1	1	1	1	1	1	1	1	1	1	1	1	1	1	1	"1"	1	1	1	1	1	1	1	1	1	1	1	1	1	1	1	1	1	1	1	1	1	1	1	1	1	1	1	1	1	1	1	1	1	1	1	1	1	1	1	1	1	1	1	1	1	1	1	1	1	1	1	1	1	1	1	1	1	1	"Violent"	"Easy"
"262"	1	1	1	1	1	1	1	1	1	1	1	1	1	"1"	1	1	1	1	1	1	1	1	1	1	1	1	1	1	1	1	1	"1"	1	1	1	1	1	1	1	1	1	1	1	1	1	1	1	1	1	1	1	1	1	1	1	1	1	1	1	1	1	1	1	1	1	1	1	1	1	1	1	1	1	1	1	1	1	1	1	1	1	1	1	1	1	1	1	1	1	1	"Violent"	"Easy"
"263"	1	1	1	1	1	1	1	1	1	1	1	1	1	"1"	1	1	1	1	1	1	1	1	1	1	1	1	1	1	1	1	1	"1"	1	1	1	1	1	1	1	1	1	1	1	1	1	1	1	1	1	1	1	1	1	1	1	1	1	1	1	1	1	1	1	1	1	1	1	1	1	1	1	1	1	1	1	1	1	1	1	1	1	1	1	1	1	1	1	1	1	1	"Violent"	"Easy"
"264"	1	1	1	1	1	1	1	1	1	1	1	1	1	"1"	1	1	1	1	1	1	1	1	1	1	1	1	1	1	1	1	1	"1"	1	1	1	1	1	1	1	1	1	1	1	1	1	1	1	1	1	1	1	1	1	1	1	1	1	1	1	1	1	1	1	1	1	1	1	1	1	1	1	1	1	1	1	1	1	1	1	1	1	1	1	1	1	1	1	1	1	1	"Violent"	"Easy"
"265"	1	1	1	1	1	1	1	1	1	1	1	1	1	"1"	1	1	1	1	1	1	1	1	1	1	1	1	1	1	1	1	1	"1"	1	1	1	1	1	1	1	1	1	1	1	1	1	1	1	1	1	1	1	1	1	1	1	1	1	1	1	1	1	1	1	1	1	1	1	1	1	1	1	1	1	1	1	1	1	1	1	1	1	1	1	1	1	1	1	1	1	1	"Violent"	"Easy"
"266"	1	1	1	1	1	1	1	1	1	1	1	1	1	"1"	1	1	1	1	1	1	1	1	1	1	1	1	1	1	1	1	1	"1"	1	1	1	1	1	1	1	1	1	1	1	1	1	1	1	1	1	1	1	1	1	1	1	1	1	1	1	1	1	1	1	1	1	1	1	1	1	1	1	1	1	1	1	1	1	1	1	1	1	1	1	1	1	1	1	1	1	1	"Violent"	"Easy"
"267"	1	1	1	1	1	1	1	1	1	1	1	1	1	"1"	1	1	1	1	1	1	1	1	1	1	1	1	1	1	1	1	1	"1"	1	1	1	1	1	1	1	1	1	1	1	1	1	1	1	1	1	1	1	1	1	1	1	1	1	1	1	1	1	1	1	1	1	1	1	1	1	1	1	1	1	1	1	1	1	1	1	1	1	1	1	1	1	1	1	1	1	1	"Violent"	"Easy"
"268"	1	1	1	1	1	1	1	1	1	1	1	1	1	"1"	1	1	1	1	1	1	1	1	1	1	1	1	1	1	1	1	1	"1"	1	1	1	1	1	1	1	1	1	1	1	1	1	1	1	1	1	1	1	1	1	1	1	1	1	1	1	1	1	1	1	1	1	1	1	1	1	1	1	1	1	1	1	1	1	1	1	1	1	1	1	1	1	1	1	1	1	1	"Violent"	"Easy"
"269"	1	1	1	1	1	1	1	1	1	1	1	1	1	"1"	1	1	1	1	1	1	1	1	1	1	1	1	1	1	1	1	1	"1"	1	1	1	1	1	1	1	1	1	1	1	1	1	1	1	1	1	1	1	1	1	1	1	1	1	1	1	1	1	1	1	1	1	1	1	1	1	1	1	1	1	1	1	1	1	1	1	1	1	1	1	1	1	1	1	1	1	1	"Violent"	"Easy"
"27"	1	1	1	1	1	1	1	1	1	1	1	1	1	"1"	1	1	1	1	1	1	1	1	1	1	1	1	1	1	1	1	1	"1"	1	1	1	1	1	1	1	1	1	1	1	1	1	1	1	1	1	1	1	1	1	1	1	1	1	1	1	1	1	1	1	1	1	1	1	1	1	1	1	1	1	1	1	1	1	1	1	1	1	1	1	1	1	1	1	1	1	1	"Violent"	"Easy"
"270"	1	1	1	1	1	1	1	1	1	1	1	1	1	"1"	1	1	1	1	1	1	1	1	1	1	1	1	1	1	1	1	1	"1"	1	1	1	1	1	1	1	1	1	1	1	1	1	1	1	1	1	1	1	1	1	1	1	1	1	1	1	1	1	1	1	1	1	1	1	1	1	1	1	1	1	1	1	1	1	1	1	1	1	1	1	1	1	1	1	1	1	1	"Violent"	"Easy"
"271"	1	1	1	1	1	1	1	1	1	1	1	1	1	"1"	1	1	1	1	1	1	1	1	1	1	1	1	1	1	1	1	1	"1"	1	1	1	1	1	1	1	1	1	1	1	1	1	1	1	1	1	1	1	1	1	1	1	1	1	1	1	1	1	1	1	1	1	1	1	1	1	1	1	1	1	1	1	1	1	1	1	1	1	1	1	1	1	1	1	1	1	1	"Violent"	"Easy"
"272"	1	1	1	1	1	1	1	1	1	1	1	1	1	"1"	1	1	1	1	1	1	1	1	1	1	1	1	1	1	1	1	1	"1"	1	1	1	1	1	1	1	1	1	1	1	1	1	1	1	1	1	1	1	1	1	1	1	1	1	1	1	1	1	1	1	1	1	1	1	1	1	1	1	1	1	1	1	1	1	1	1	1	1	1	1	1	1	1	1	1	1	1	"Violent"	"Easy"
"273"	1	1	1	1	1	1	1	1	1	1	1	1	1	"1"	1	1	1	1	1	1	1	1	1	1	1	1	1	1	1	1	1	"1"	1	1	1	1	1	1	1	1	1	1	1	1	1	1	1	1	1	1	1	1	1	1	1	1	1	1	1	1	1	1	1	1	1	1	1	1	1	1	1	1	1	1	1	1	1	1	1	1	1	1	1	1	1	1	1	1	1	1	"Violent"	"Easy"
"274"	1	1	1	1	1	1	1	1	1	1	1	1	1	"1"	1	1	1	1	1	1	1	1	1	1	1	1	1	1	1	1	1	"1"	1	1	1	1	1	1	1	1	1	1	1	1	1	1	1	1	1	1	1	1	1	1	1	1	1	1	1	1	1	1	1	1	1	1	1	1	1	1	1	1	1	1	1	1	1	1	1	1	1	1	1	1	1	1	1	1	1	1	"Violent"	"Easy"
"275"	1	1	1	1	1	1	1	1	1	1	1	1	1	"1"	1	1	1	1	1	1	1	1	1	1	1	1	1	1	1	1	1	"1"	1	1	1	1	1	1	1	1	1	1	1	1	1	1	1	1	1	1	1	1	1	1	1	1	1	1	1	1	1	1	1	1	1	1	1	1	1	1	1	1	1	1	1	1	1	1	1	1	1	1	1	1	1	1	1	1	1	1	"Violent"	"Easy"
"276"	1	1	1	1	1	1	1	1	1	1	1	1	1	"1"	1	1	1	1	1	1	1	1	1	1	1	1	1	1	1	1	1	"1"	1	1	1	1	1	1	1	1	1	1	1	1	1	1	1	1	1	1	1	1	1	1	1	1	1	1	1	1	1	1	1	1	1	1	1	1	1	1	1	1	1	1	1	1	1	1	1	1	1	1	1	1	1	1	1	1	1	1	"Violent"	"Easy"
"277"	1	1	1	1	1	1	1	1	1	1	1	1	1	"1"	1	1	1	1	1	1	1	1	1	1	1	1	1	1	1	1	1	"1"	1	1	1	1	1	1	1	1	1	1	1	1	1	1	1	1	1	1	1	1	1	1	1	1	1	1	1	1	1	1	1	1	1	1	1	1	1	1	1	1	1	1	1	1	1	1	1	1	1	1	1	1	1	1	1	1	1	1	"Violent"	"Easy"
"278"	1	1	1	1	1	1	1	1	1	1	1	1	1	"1"	1	1	1	1	1	1	1	1	1	1	1	1	1	1	1	1	1	"1"	1	1	1	1	1	1	1	1	1	1	1	1	1	1	1	1	1	1	1	1	1	1	1	1	1	1	1	1	1	1	1	1	1	1	1	1	1	1	1	1	1	1	1	1	1	1	1	1	1	1	1	1	1	1	1	1	1	1	"Violent"	"Easy"
"278 B"	0	0	0	0	0	0	0	0	0	0	0	0	0	"0"	0	0	0	0	0	0	0	0	0	0	0	0	0	0	0	0	0	"0"	0	0	0	0	0	0	0	0	0	0	0	0	0	0	0	0	0	0	0	0	0	0	0	0	0	0	0	0	0	0	0	0	0	0	0	0	0	0	0	1	1	1	1	1	1	1	0	0	0	0	0	0	0	0	0	0	0	0	"Nonviolent"	"Easy"
"279"	1	1	1	1	1	1	1	1	1	1	1	1	1	"1"	1	1	1	1	1	1	1	1	1	1	1	1	1	1	1	1	1	"1"	1	1	1	1	1	1	1	1	1	1	1	1	1	1	1	1	1	1	1	1	1	1	1	1	1	1	1	1	1	1	1	1	1	1	1	1	1	1	1	1	1	1	1	1	1	1	1	1	1	1	1	1	1	1	1	1	1	1	"Violent"	"Easy"
"28"	1	1	1	1	1	1	1	1	1	1	1	1	1	"1"	1	1	1	1	1	1	1	1	1	1	1	1	1	1	1	1	1	"1"	1	1	1	1	1	1	1	1	1	1	1	1	1	1	1	1	1	1	1	1	1	1	1	1	1	1	1	1	1	1	1	1	1	1	1	1	1	1	1	1	1	1	1	1	1	1	1	1	1	1	1	1	1	1	1	1	1	1	"Violent"	"Easy"
"280"	0	0	0	0	0	0	0	0	0	0	0	0	0	"0"	0	0	0	0	0	0	1	1	1	1	1	1	1	1	1	1	1	"1"	1	0	0	0	0	0	0	0	0	0	0	0	0	0	0	0	0	0	0	0	0	0	0	0	0	0	0	0	0	0	0	0	0	0	0	0	0	0	0	0	0	0	0	0	0	0	1	1	1	1	1	1	1	1	1	1	1	1	"Violent"	"Easy"
"281"	1	1	1	1	1	1	1	1	1	1	1	1	1	"1"	1	1	1	1	1	1	1	1	1	1	1	1	1	1	1	1	1	"1"	1	1	1	1	1	1	1	1	1	1	1	1	1	1	1	1	1	1	1	1	1	1	1	1	1	1	1	1	1	1	1	1	1	1	1	1	1	1	1	1	1	1	1	1	1	1	1	1	1	1	1	1	1	1	1	1	1	1	"Violent"	"Easy"
"282"	1	1	1	1	1	1	1	1	1	1	1	1	1	"1"	1	1	1	1	1	1	1	1	1	1	1	1	1	1	1	1	1	"1"	1	1	1	1	1	1	1	1	1	1	1	1	1	1	1	1	1	1	1	1	1	1	1	1	1	1	1	1	1	1	1	1	1	1	1	1	1	1	1	1	1	1	1	1	1	1	1	1	1	1	1	1	1	1	1	1	1	1	"Violent"	"Easy"
"283"	1	1	1	1	1	1	1	1	1	1	1	1	1	"1"	1	1	1	1	1	1	1	1	1	1	1	1	1	1	1	1	1	"1"	1	1	1	1	1	1	1	1	1	1	1	1	1	1	1	1	1	1	1	1	1	1	1	1	1	1	1	1	1	1	1	1	1	1	1	1	1	1	1	1	1	1	1	1	1	1	1	1	1	1	1	1	1	1	1	1	1	1	"Violent"	"Easy"
"284"	1	1	1	1	1	1	1	1	1	1	1	1	1	"1"	1	1	1	1	1	1	1	1	1	1	1	1	1	1	1	1	1	"1"	1	1	1	1	1	1	1	1	1	1	1	1	1	1	1	1	1	1	1	1	1	1	1	1	1	1	1	1	1	1	1	1	1	1	1	1	1	1	1	1	1	1	1	1	1	1	1	1	1	1	1	1	1	1	1	1	1	1	"Violent"	"Easy"
"285"	1	1	1	1	1	1	1	1	1	1	1	1	1	"1"	1	1	1	1	1	1	1	1	1	1	1	1	1	1	1	1	1	"1"	1	1	1	1	1	1	1	1	1	1	1	1	1	1	1	1	1	1	1	1	1	1	1	1	1	1	1	1	1	1	1	1	1	1	1	1	1	1	1	1	1	1	1	1	1	1	1	1	1	1	1	1	1	1	1	1	1	1	"Violent"	"Easy"
"286"	1	1	1	1	1	1	1	1	1	1	1	1	1	"1"	1	1	1	1	1	1	1	1	1	1	1	1	1	1	1	1	1	"1"	1	1	1	1	1	1	1	1	1	1	1	1	1	1	1	1	1	1	1	1	1	1	1	1	1	1	1	1	1	1	1	1	1	1	1	1	1	1	1	1	1	1	1	1	1	1	1	1	1	1	1	1	1	1	1	1	1	1	"Violent"	"Easy"
"287"	1	1	1	1	1	1	1	1	1	1	1	1	1	"1"	1	1	1	1	1	1	1	1	1	1	1	1	1	1	1	1	1	"1"	1	1	1	1	1	1	1	1	1	1	1	1	1	1	1	1	1	1	1	1	1	1	1	1	1	1	1	1	1	1	1	1	1	1	1	1	1	1	1	1	1	1	1	1	1	1	1	1	1	1	1	1	1	1	1	1	1	1	"Violent"	"Easy"
"288"	1	1	1	1	1	1	1	1	1	1	1	1	1	"1"	1	1	1	1	0	0	1	1	1	1	1	1	1	1	1	1	1	"1"	1	1	1	1	1	1	1	1	1	1	1	1	1	1	1	1	1	1	1	1	1	1	1	1	1	1	1	1	1	1	1	1	1	1	1	1	1	1	1	1	1	1	1	1	1	1	1	1	1	1	1	1	1	1	1	1	1	1	"Violent"	"Easy"
"289"	1	1	1	1	1	1	1	1	1	1	1	1	1	"1"	1	1	1	1	0	0	1	1	1	1	1	1	1	1	1	1	1	"1"	1	1	1	1	1	1	1	1	1	1	1	1	1	1	1	1	1	1	1	1	1	1	1	1	1	1	1	1	1	1	1	1	1	1	1	1	1	1	1	1	1	1	1	1	1	1	1	1	1	1	1	1	1	1	1	1	1	1	"Violent"	"Easy"
"29"	1	1	1	1	1	1	1	1	1	1	1	1	1	"1"	1	1	1	1	1	1	1	1	1	1	1	1	1	1	1	1	1	"1"	1	1	1	1	1	1	1	1	1	1	1	1	1	1	1	1	1	1	1	1	1	1	1	1	1	1	1	1	1	1	1	1	1	1	1	1	1	1	1	1	1	1	1	1	1	1	1	1	1	1	1	1	1	1	1	1	1	1	"Violent"	"Easy"
"290"	1	1	1	1	1	1	1	1	1	1	1	1	1	"1"	1	1	1	1	1	1	1	1	1	1	1	1	1	1	1	1	1	"1"	1	1	1	1	1	1	1	1	1	1	1	1	1	1	1	1	1	1	1	1	1	1	1	1	1	1	1	1	1	1	1	1	1	1	1	1	1	1	1	1	1	1	1	1	1	1	1	1	1	1	1	1	1	1	1	1	1	1	"Violent"	"Easy"
"291"	1	1	1	1	1	1	1	1	1	1	1	1	1	"1"	1	1	1	1	1	1	1	1	1	1	1	1	1	1	1	1	1	"1"	1	1	1	1	1	1	1	1	1	1	1	1	1	1	1	1	1	1	1	1	1	1	1	1	1	1	1	1	1	1	1	1	1	1	1	1	1	1	1	1	1	1	1	1	1	1	1	1	1	1	1	1	1	1	1	1	1	1	"Violent"	"Easy"
"292"	1	1	1	1	1	1	1	1	1	1	1	1	1	"1"	1	1	1	1	1	1	1	1	1	1	1	1	1	1	1	1	1	"1"	1	1	1	1	1	1	1	1	1	1	1	1	1	1	1	1	1	1	1	1	1	1	1	1	1	1	1	1	1	1	1	1	1	1	1	1	1	1	1	1	1	1	1	1	1	1	1	1	1	1	1	1	1	1	1	1	1	1	"Violent"	"Easy"
"293"	1	1	1	1	1	1	1	1	1	1	1	1	1	"1"	1	1	1	1	1	1	1	1	1	1	1	1	1	1	1	1	1	"1"	1	1	1	1	1	1	1	1	1	1	1	1	1	1	1	1	1	1	1	1	1	1	1	1	1	1	1	1	1	1	1	1	1	1	1	1	1	1	1	1	1	1	1	1	1	1	1	1	1	1	1	1	1	1	1	1	1	1	"Violent"	"Easy"
"294"	1	1	1	1	1	1	1	1	1	1	1	1	1	"1"	1	1	1	1	1	1	1	1	1	1	1	1	1	1	1	1	1	"1"	1	1	1	1	1	1	1	1	1	1	1	1	1	1	1	1	1	1	1	1	1	1	1	1	1	1	1	1	1	1	1	1	1	1	1	1	1	1	1	1	1	1	1	1	1	1	1	1	1	1	1	1	1	1	1	1	1	1	"Violent"	"Easy"
"295"	1	1	1	1	1	1	1	1	1	1	1	1	1	"1"	1	1	1	1	1	1	1	1	1	1	1	1	1	1	1	1	1	"1"	1	1	1	1	1	1	1	1	1	1	1	1	1	1	1	1	1	1	1	1	1	1	1	1	1	1	1	1	1	1	1	1	1	1	1	1	1	1	1	1	1	1	1	1	1	1	1	1	1	1	1	1	1	1	1	1	1	1	"Violent"	"Easy"
"296"	1	1	1	1	1	1	1	1	1	1	1	1	1	"1"	1	1	1	1	1	1	1	1	1	1	1	1	1	1	1	1	1	"1"	1	1	1	1	1	1	1	1	1	1	1	1	1	1	1	1	1	1	1	1	1	1	1	1	1	1	1	1	1	1	1	1	1	1	1	1	1	1	1	1	1	1	1	1	1	1	1	1	1	1	1	1	1	1	1	1	1	1	"Violent"	"Easy"
"297"	1	1	1	1	1	1	1	1	1	1	1	1	1	"1"	1	1	1	1	1	1	1	1	1	1	1	1	1	1	1	1	1	"1"	1	1	1	1	1	1	1	1	1	1	1	1	1	1	1	1	1	1	1	1	1	1	1	1	1	1	1	1	1	1	1	1	1	1	1	1	1	1	1	1	1	1	1	1	1	1	1	1	1	1	1	1	1	1	1	1	1	1	"Violent"	"Easy"
"298"	1	1	1	1	1	1	1	1	1	1	1	1	1	"1"	1	1	1	1	1	1	1	1	1	1	1	1	1	1	1	1	1	"1"	1	1	1	1	1	1	1	1	1	1	1	1	1	1	1	1	1	1	1	1	1	1	1	1	1	1	1	1	1	1	1	1	1	1	1	1	1	1	1	1	1	1	1	1	1	1	1	1	1	1	1	1	1	1	1	1	1	1	"Violent"	"Easy"
"299"	1	1	1	1	1	1	1	1	1	1	1	1	1	"1"	1	1	1	1	1	1	1	1	1	1	1	1	1	1	1	1	1	"1"	1	1	1	1	1	1	1	1	1	1	1	1	1	1	1	1	1	1	1	1	1	1	1	1	1	1	1	1	1	1	1	1	1	1	1	1	1	1	1	1	1	1	1	1	1	1	1	1	1	1	1	1	1	1	1	1	1	1	"Violent"	"Easy"
"3"	1	1	1	1	1	1	1	1	1	1	1	1	1	"1"	1	1	1	1	1	1	1	1	1	1	1	1	1	1	1	1	1	"1"	1	1	1	1	1	1	1	1	1	1	1	1	1	1	1	1	1	1	1	1	1	1	1	1	1	1	1	1	1	1	1	1	1	1	1	1	1	1	1	1	1	1	1	1	1	1	1	1	1	1	1	1	1	1	1	1	1	1	"Violent"	"Easy"
"30"	1	1	1	1	1	1	1	1	1	1	1	1	1	"1"	1	1	1	1	1	1	1	1	1	1	1	1	1	1	1	1	1	"1"	1	1	1	1	1	1	1	1	1	1	1	1	1	1	1	1	1	1	1	1	1	1	1	1	1	1	1	1	1	1	1	1	1	1	1	1	1	1	1	1	1	1	1	1	1	1	1	1	1	1	1	1	1	1	1	1	1	1	"Violent"	"Easy"
"300"	1	1	1	1	1	1	1	1	1	1	1	1	1	"1"	1	1	1	1	1	1	1	1	1	1	1	1	1	1	1	1	1	"1"	1	1	1	1	1	1	1	1	1	1	1	1	1	1	1	1	1	1	1	1	1	1	1	1	1	1	1	1	1	1	1	1	1	1	1	1	1	1	1	1	1	1	1	1	1	1	1	1	1	1	1	1	1	1	1	1	1	1	"Violent"	"Easy"
"301"	1	1	1	1	1	1	1	1	1	1	1	1	1	"1"	1	1	1	1	1	1	1	1	1	1	1	1	1	1	1	1	1	"1"	1	1	1	1	1	1	1	1	1	1	1	1	1	1	1	1	1	1	1	1	1	1	1	1	1	1	1	1	1	1	1	1	1	1	1	1	1	1	1	1	1	1	1	1	1	1	1	1	1	1	1	1	1	1	1	1	1	1	"Violent"	"Easy"
"302"	1	1	1	1	1	1	1	1	1	1	1	1	1	"1"	1	1	1	1	1	1	1	1	1	1	1	1	1	1	1	1	1	"1"	1	1	1	1	1	1	1	1	1	1	1	1	1	1	1	1	1	1	1	1	1	1	1	1	1	1	1	1	1	1	1	1	1	1	1	1	1	1	1	1	1	1	1	1	1	1	1	1	1	1	1	1	1	1	1	1	1	1	"Violent"	"Easy"
"303"	1	1	1	1	1	1	1	1	1	1	1	1	1	"1"	1	1	1	1	1	1	1	1	1	1	1	1	1	1	1	1	1	"1"	1	1	1	1	1	1	1	1	1	1	1	1	1	1	1	1	1	1	1	1	1	1	1	1	1	1	1	1	1	1	1	1	1	1	1	1	1	1	1	1	1	1	1	1	1	1	1	1	1	1	1	1	1	1	1	1	1	1	"Violent"	"Easy"
"304"	1	1	1	1	1	1	1	1	1	1	1	1	1	"1"	1	1	1	1	1	1	1	1	1	1	1	1	1	1	1	1	1	"1"	1	1	1	1	1	1	1	1	1	1	1	1	1	1	1	1	1	1	1	1	1	1	1	1	1	1	1	1	1	1	1	1	1	1	1	1	1	1	1	1	1	1	1	1	1	1	1	1	1	1	1	1	1	1	1	1	1	1	"Violent"	"Easy"
"305"	1	1	1	1	1	1	1	1	1	1	1	1	1	"1"	1	1	1	1	1	1	1	1	1	1	1	1	1	1	1	1	1	"1"	1	1	1	1	1	1	1	1	1	1	1	1	1	1	1	1	1	1	1	1	1	1	1	1	1	1	1	1	1	1	1	1	1	1	1	1	1	1	1	1	1	1	1	1	1	1	1	1	1	1	1	1	1	1	1	1	1	1	"Violent"	"Easy"
"306"	1	1	1	1	1	1	1	1	1	1	1	1	1	"1"	1	1	1	1	1	1	1	1	1	1	1	1	1	1	1	1	1	"1"	1	1	1	1	1	1	1	1	1	1	1	1	1	1	1	1	1	1	1	1	1	1	1	1	1	1	1	1	1	1	1	1	1	1	1	1	1	1	1	1	1	1	1	1	1	1	1	1	1	1	1	1	1	1	1	1	1	1	"Violent"	"Easy"
"307"	1	1	1	1	1	1	1	1	1	1	1	1	1	"1"	1	1	1	1	1	1	1	1	1	1	1	1	1	1	1	1	1	"1"	1	1	1	1	1	1	1	1	1	1	1	1	1	1	1	1	1	1	1	1	1	1	1	1	1	1	1	1	1	1	1	1	1	1	1	1	1	1	1	1	1	1	1	1	1	1	1	1	1	1	1	1	1	1	1	1	1	1	"Violent"	"Easy"
"308"	1	1	1	1	1	1	1	1	1	1	1	1	1	"1"	1	1	1	1	1	1	1	1	1	1	1	1	1	1	1	1	1	"1"	1	1	1	1	1	1	1	1	1	1	1	1	1	1	1	1	1	1	1	1	1	1	1	1	1	1	1	1	1	1	1	1	1	1	1	1	1	1	1	1	1	1	1	1	1	1	1	1	1	1	1	1	1	1	1	1	1	1	"Violent"	"Easy"
"309"	1	1	1	1	1	1	1	1	1	1	1	1	1	"1"	1	1	1	1	1	1	1	1	1	1	1	1	1	1	1	1	1	"1"	1	2	2	2	2	2	2	2	2	2	2	2	2	2	2	2	2	2	2	2	2	2	2	2	2	2	2	2	2	2	2	2	2	2	2	2	2	2	2	0	0	0	0	0	0	0	1	1	1	1	1	1	1	1	1	1	1	1	"Violent"	"Easy"
"31"	1	1	1	1	1	1	1	1	1	1	1	1	1	"1"	1	1	1	1	1	1	1	1	1	1	1	1	1	1	1	1	1	"1"	1	1	1	1	1	1	1	1	1	1	1	1	1	1	1	1	1	1	1	1	1	1	1	1	1	1	1	1	1	1	1	1	1	1	1	1	1	1	1	1	1	1	1	1	1	1	1	1	1	1	1	1	1	1	1	1	1	1	"Violent"	"Easy"
"310"	1	1	1	1	1	1	1	1	1	1	1	1	1	"1"	1	1	1	1	1	1	1	1	1	1	1	1	1	1	1	1	1	"1"	1	2	2	2	2	2	2	2	2	2	2	2	2	2	2	2	2	2	2	2	2	2	2	2	2	2	2	2	2	2	2	2	2	2	2	2	2	2	2	0	0	0	0	0	0	0	1	1	1	1	1	1	1	1	1	1	1	1	"Violent"	"Easy"
"311"	1	1	1	1	1	1	1	1	1	1	1	1	1	"1"	1	1	1	1	1	1	1	1	1	1	1	1	1	1	1	1	1	"1"	1	2	2	2	2	2	2	2	2	2	2	2	2	2	2	2	2	2	2	2	2	2	2	2	2	2	2	2	2	2	2	2	2	2	2	2	2	2	2	0	0	0	0	0	0	0	1	1	1	1	1	1	1	1	1	1	1	1	"Violent"	"Easy"
"312"	1	1	1	1	1	1	1	1	1	1	1	1	1	"1"	1	1	1	1	1	1	1	1	1	1	1	1	1	1	1	1	1	"1"	1	2	2	2	2	2	2	2	2	2	2	2	2	2	2	2	2	2	2	2	2	2	2	2	2	2	2	2	2	2	2	2	2	2	2	2	2	2	2	0	0	0	0	0	0	0	1	1	1	1	1	1	1	1	1	1	1	1	"Violent"	"Easy"
"313"	1	1	1	1	1	1	1	1	1	1	1	1	1	"1"	1	1	1	1	1	1	1	1	1	1	1	1	1	1	1	1	1	"1"	1	2	2	2	2	2	2	2	2	2	2	2	2	2	2	2	2	2	2	2	2	2	2	2	2	2	2	2	2	2	2	2	2	2	2	2	2	2	2	0	0	0	0	0	0	0	1	1	1	1	1	1	1	1	1	1	1	1	"Violent"	"Easy"
"314"	1	1	1	1	1	1	1	1	1	1	1	1	1	"1"	1	1	1	1	1	1	1	1	1	1	1	1	1	1	1	1	1	"1"	1	2	2	2	2	2	2	2	2	2	2	2	2	2	2	2	2	2	2	2	2	2	2	2	2	2	2	2	2	2	2	2	2	2	2	2	2	2	2	0	0	0	0	0	0	0	1	1	1	1	1	1	1	1	1	1	1	1	"Violent"	"Easy"
"315"	0	0	0	0	0	0	0	0	0	0	0	0	0	"0"	0	0	0	0	0	0	1	1	1	1	1	1	1	1	1	1	1	"1"	1	1	1	1	1	1	1	1	1	1	1	1	1	1	1	1	1	1	1	1	1	1	1	1	1	1	1	1	1	1	1	1	1	1	1	1	1	1	1	0	0	0	0	0	0	0	1	1	1	1	1	1	1	1	1	1	1	1	"Violent"	"Easy"
"316"	1	1	1	1	1	1	1	1	1	1	1	1	1	"1"	1	1	1	1	1	1	1	1	1	1	1	1	1	1	1	1	1	"1"	1	2	2	2	2	2	2	2	2	2	2	2	2	2	2	2	2	2	2	2	2	2	2	2	2	2	2	2	2	2	2	2	2	2	2	2	2	2	2	0	0	0	0	0	0	0	1	1	1	1	1	1	1	1	1	1	1	1	"Violent"	"Easy"
"317"	1	1	1	1	1	1	1	1	1	1	1	1	1	"1"	1	1	1	1	1	1	1	1	1	1	1	1	1	1	1	1	1	"1"	1	2	2	2	2	2	2	2	2	2	2	2	2	2	2	2	2	2	2	2	2	2	2	2	2	2	2	2	2	2	2	2	2	2	2	2	2	2	2	0	0	0	0	0	0	0	1	1	1	1	1	1	1	1	1	1	1	1	"Violent"	"Easy"
"318"	1	1	1	1	1	1	1	1	1	1	1	1	1	"1"	1	1	1	1	1	1	1	1	1	1	1	1	1	1	1	1	1	"1"	1	2	2	2	2	2	2	2	2	2	2	2	2	2	2	2	2	2	2	2	2	2	2	2	2	2	2	2	2	2	2	2	2	2	2	2	2	2	2	0	0	0	0	0	0	0	1	1	1	1	1	1	1	1	1	1	1	1	"Violent"	"Easy"
"319"	1	1	1	1	1	1	1	1	1	1	1	1	1	"1"	1	1	1	1	1	1	1	1	1	1	1	1	1	1	1	1	1	"1"	1	2	2	2	2	2	2	2	2	2	2	2	2	2	2	2	2	2	2	2	2	2	2	2	2	2	2	2	2	2	2	2	2	2	2	2	2	2	2	0	0	0	0	0	0	0	1	1	1	1	1	1	1	1	1	1	1	1	"Violent"	"Easy"
"32"	1	1	1	1	1	1	1	1	1	1	1	1	1	"1"	1	1	1	1	1	1	1	1	1	1	1	1	1	1	1	1	1	"1"	1	1	1	1	1	1	1	1	1	1	1	1	1	1	1	1	1	1	1	1	1	1	1	1	1	1	1	1	1	1	1	1	1	1	1	1	1	1	1	1	1	1	1	1	1	1	1	1	1	1	1	1	1	1	1	1	1	1	"Violent"	"Easy"
"320"	1	1	1	1	1	1	1	1	1	1	1	1	1	"1"	1	1	1	1	1	1	1	1	1	1	1	1	1	1	1	1	1	"1"	1	2	2	2	2	2	2	2	2	2	2	2	2	2	2	2	2	2	2	2	2	2	2	2	2	2	2	2	2	2	2	2	2	2	2	2	2	2	2	0	0	0	0	0	0	0	1	1	1	1	1	1	1	1	1	1	1	1	"Violent"	"Easy"
"321"	1	1	1	1	1	1	1	1	1	1	1	1	1	"1"	1	1	1	1	1	1	1	1	1	1	1	1	1	1	1	1	1	"1"	1	2	2	2	2	2	2	2	2	2	2	2	2	2	2	2	2	2	2	2	2	2	2	2	2	2	2	2	2	2	2	2	2	2	2	2	2	2	2	0	0	0	0	0	0	0	1	1	1	1	1	1	1	1	1	1	1	1	"Violent"	"Easy"
"322"	1	1	1	1	1	1	1	1	1	1	1	1	1	"1"	1	1	1	1	1	1	1	1	1	1	1	1	1	1	1	1	1	"1"	1	2	2	2	2	2	2	2	2	2	2	2	2	2	2	2	2	2	2	2	2	2	2	2	2	2	2	2	2	2	2	2	2	2	2	2	2	2	2	0	0	0	0	0	0	0	1	1	1	1	1	1	1	1	1	1	1	1	"Violent"	"Easy"
"323"	1	1	1	1	1	1	1	1	1	1	1	1	1	"1"	1	1	1	1	1	1	1	1	1	1	1	1	1	1	1	1	1	"1"	1	2	2	2	2	2	2	2	2	2	2	2	2	2	2	2	2	2	2	2	2	2	2	2	2	2	2	2	2	2	2	2	2	2	2	2	2	2	2	0	0	0	0	0	0	0	1	1	1	1	1	1	1	1	1	1	1	1	"Violent"	"Easy"
"324"	1	1	1	1	1	1	1	1	1	1	1	1	1	"1"	1	1	1	1	1	1	1	1	1	1	1	1	1	1	1	1	1	"1"	1	2	2	2	2	2	2	2	2	2	2	2	2	2	2	2	2	2	2	2	2	2	2	2	2	2	2	2	2	2	2	2	2	2	2	2	2	2	2	0	0	0	0	0	0	0	1	1	1	1	1	1	1	1	1	1	1	1	"Violent"	"Easy"
"325"	0	0	0	0	0	0	0	0	0	0	0	0	0	"0"	0	0	0	0	1	1	1	1	1	1	1	1	1	1	1	1	1	"1"	1	1	1	1	1	1	1	1	1	1	1	1	1	1	1	1	1	1	1	1	1	1	1	1	1	1	1	1	1	1	1	1	1	1	1	1	1	1	1	0	0	0	0	0	0	0	1	1	1	1	1	1	1	1	1	1	1	1	"Violent"	"Easy"
"326"	1	1	1	1	1	1	1	1	1	1	1	1	1	"1"	1	1	1	1	1	1	1	1	1	1	1	1	1	1	1	1	1	"1"	1	2	2	2	2	2	2	2	2	2	2	2	2	2	2	2	2	2	2	2	2	2	2	2	2	2	2	2	2	2	2	2	2	2	2	2	2	2	2	0	0	0	0	0	0	0	1	1	1	1	1	1	1	1	1	1	1	1	"Violent"	"Easy"
"327"	0	0	0	0	0	0	0	0	0	0	0	0	0	"0"	0	0	0	0	1	1	1	1	1	1	1	1	1	1	1	1	1	"1"	1	1	1	1	1	1	1	1	1	1	1	1	1	1	1	1	1	1	1	1	1	1	1	1	1	1	1	1	1	1	1	1	1	1	1	1	1	1	1	0	0	0	0	0	0	0	1	1	1	1	1	1	1	1	1	1	1	1	"Violent"	"Easy"
"328"	1	1	1	1	1	1	1	1	1	1	1	1	1	"1"	1	1	1	1	1	1	1	1	1	1	1	1	1	1	1	1	1	"1"	1	2	2	2	2	2	2	2	2	2	2	2	2	2	2	2	2	2	2	2	2	2	2	2	2	2	2	2	2	2	2	2	2	2	2	2	2	2	2	0	0	0	0	0	0	0	1	1	1	1	1	1	1	1	1	1	1	1	"Violent"	"Easy"
"329"	1	1	1	1	1	1	1	1	1	1	1	1	1	"1"	1	1	1	1	1	1	1	1	1	1	1	1	1	1	1	1	1	"1"	1	2	2	2	2	2	2	2	2	2	2	2	2	2	2	2	2	2	2	2	2	2	2	2	2	2	2	2	2	2	2	2	2	2	2	2	2	2	2	0	0	0	0	0	0	0	1	1	1	1	1	1	1	1	1	1	1	1	"Violent"	"Easy"
"33"	1	1	1	1	1	1	1	1	1	1	1	1	1	"1"	1	1	1	1	0	0	1	1	1	1	1	1	1	1	1	1	1	"1"	1	1	1	1	1	1	1	1	1	1	1	1	1	1	1	1	1	1	1	1	1	1	1	1	1	1	1	1	1	1	1	1	1	1	1	1	1	1	1	1	1	1	1	1	1	1	1	1	1	1	1	1	1	1	1	1	1	1	"Violent"	"Easy"
"330"	1	1	1	1	1	1	1	1	1	1	1	1	1	"1"	1	1	1	1	1	1	1	1	1	1	1	1	1	1	1	1	1	"1"	1	2	2	2	2	2	2	2	2	2	2	2	2	2	2	2	2	2	2	2	2	2	2	2	2	2	2	2	2	2	2	2	2	2	2	2	2	2	2	0	0	0	0	0	0	0	1	1	1	1	1	1	1	1	1	1	1	1	"Violent"	"Easy"
"331"	1	1	1	1	1	1	1	1	1	1	1	1	1	"1"	1	1	1	1	1	1	1	1	1	1	1	1	1	1	1	1	1	"1"	1	2	2	2	2	2	2	2	2	2	2	2	2	2	2	2	2	2	2	2	2	2	2	2	2	2	2	2	2	2	2	2	2	2	2	2	2	2	2	0	0	0	0	0	0	0	1	1	1	1	1	1	1	1	1	1	1	1	"Violent"	"Easy"
"332"	1	1	1	1	1	1	1	1	1	1	1	1	1	"1"	1	1	1	1	1	1	1	1	1	1	1	1	1	1	1	1	1	"1"	1	2	2	2	2	2	2	2	2	2	2	2	2	2	2	2	2	2	2	2	2	2	2	2	2	2	2	2	2	2	2	2	2	2	2	2	2	2	2	0	0	0	0	0	0	0	1	1	1	1	1	1	1	1	1	1	1	1	"Violent"	"Easy"
"333"	1	1	1	1	1	1	1	1	1	1	1	1	1	"1"	1	1	1	1	1	1	1	1	1	1	1	1	1	1	1	1	1	"1"	1	2	2	2	2	2	2	2	2	2	2	2	2	2	2	2	2	2	2	2	2	2	2	2	2	2	2	2	2	2	2	2	2	2	2	2	2	2	2	0	0	0	0	0	0	0	1	1	1	1	1	1	1	1	1	1	1	1	"Violent"	"Easy"
"334"	1	1	1	1	1	1	1	1	1	1	1	1	1	"1"	1	1	1	1	1	1	1	1	1	1	1	1	1	1	1	1	1	"1"	1	2	2	2	2	2	2	2	2	2	2	2	2	2	2	2	2	2	2	2	2	2	2	2	2	2	2	2	2	2	2	2	2	2	2	2	2	2	2	0	0	0	0	0	0	0	1	1	1	1	1	1	1	1	1	1	1	1	"Violent"	"Easy"
"335"	1	1	1	1	1	1	1	1	1	1	1	1	1	"1"	1	1	1	1	1	1	1	1	1	1	1	1	1	1	1	1	1	"1"	1	2	2	2	2	2	2	2	2	2	2	2	2	2	2	2	2	2	2	2	2	2	2	2	2	2	2	2	2	2	2	2	2	2	2	2	2	2	2	0	0	0	0	0	0	0	1	1	1	1	1	1	1	1	1	1	1	1	"Violent"	"Easy"
"336"	1	1	1	1	1	1	1	1	1	1	1	1	1	"1"	1	1	1	1	1	1	1	1	1	1	1	1	1	1	1	1	1	"1"	1	2	2	2	2	2	2	2	2	2	2	2	2	2	2	2	2	2	2	2	2	2	2	2	2	2	2	2	2	2	2	2	2	2	2	2	2	2	2	0	0	0	0	0	0	0	1	1	1	1	1	1	1	1	1	1	1	1	"Violent"	"Easy"
"337"	1	1	1	1	1	1	1	1	1	1	1	1	1	"1"	1	1	1	1	1	1	1	1	1	1	1	1	1	1	1	1	1	"1"	1	2	2	2	2	2	2	2	2	2	2	2	2	2	2	2	2	2	2	2	2	2	2	2	2	2	2	2	2	2	2	2	2	2	2	2	2	2	2	0	0	0	0	0	0	0	1	1	1	1	1	1	1	1	1	1	1	1	"Violent"	"Easy"
"338"	1	1	1	1	1	1	1	1	1	1	1	1	1	"1"	1	1	1	1	1	1	1	1	1	1	1	1	1	1	1	1	1	"1"	1	2	2	2	2	2	2	2	2	2	2	2	2	2	2	2	2	2	2	2	2	2	2	2	2	2	2	2	2	2	2	2	2	2	2	2	2	2	2	0	0	0	0	0	0	0	1	1	1	1	1	1	1	1	1	1	1	1	"Violent"	"Easy"
"339"	1	1	1	1	1	1	1	1	1	1	1	1	1	"1"	1	1	1	1	1	1	1	1	1	1	1	1	1	1	1	1	1	"1"	1	2	2	2	2	2	2	2	2	2	2	2	2	2	2	2	2	2	2	2	2	2	2	2	2	2	2	2	2	2	2	2	2	2	2	2	2	2	2	0	0	0	0	0	0	0	1	1	1	1	1	1	1	1	1	1	1	1	"Violent"	"Easy"
"34"	1	1	1	1	1	1	1	1	1	1	1	1	1	"1"	1	1	1	1	1	1	1	1	1	1	1	1	1	1	1	1	1	"1"	1	1	1	1	1	1	1	1	1	1	1	1	1	1	1	1	1	1	1	1	1	1	1	1	1	1	1	1	1	1	1	1	1	1	1	1	1	1	1	1	1	1	1	1	1	1	1	1	1	1	1	1	1	1	1	1	1	1	"Violent"	"Easy"
"340"	1	1	1	1	1	1	1	1	1	1	1	1	1	"1"	1	1	1	1	1	1	1	1	1	1	1	1	1	1	1	1	1	"1"	1	2	2	2	2	2	2	2	2	2	2	2	2	2	2	2	2	2	2	2	2	2	2	2	2	2	2	2	2	2	2	2	2	2	2	2	2	2	2	0	0	0	0	0	0	0	1	1	1	1	1	1	1	1	1	1	1	1	"Violent"	"Easy"
"341"	1	1	1	1	1	1	1	1	1	1	1	1	1	"1"	1	1	1	1	1	1	1	1	1	1	1	1	1	1	1	1	1	"1"	1	2	2	2	2	2	2	2	2	2	2	2	2	2	2	2	2	2	2	2	2	2	2	2	2	2	2	2	2	2	2	2	2	2	2	2	2	2	2	0	0	0	0	0	0	0	1	1	1	1	1	1	1	1	1	1	1	1	"Violent"	"Easy"
"342"	1	1	1	1	1	1	1	1	1	1	1	1	1	"1"	1	1	1	1	1	1	1	1	1	1	1	1	1	1	1	1	1	"1"	1	2	2	2	2	2	2	2	2	2	2	2	2	2	2	2	2	2	2	2	2	2	2	2	2	2	2	2	2	2	2	2	2	2	2	2	2	2	2	0	0	0	0	0	0	0	1	1	1	1	1	1	1	1	1	1	1	1	"Violent"	"Easy"
"343"	1	1	1	1	1	1	1	1	1	1	1	1	1	"1"	1	1	1	1	1	1	1	1	1	1	1	1	1	1	1	1	1	"1"	1	2	2	2	2	2	2	2	2	2	2	2	2	2	2	2	2	2	2	2	2	2	2	2	2	2	2	2	2	2	2	2	2	2	2	2	2	2	2	0	0	0	0	0	0	0	1	1	1	1	1	1	1	1	1	1	1	1	"Violent"	"Easy"
"344"	1	1	1	1	1	1	1	1	1	1	1	1	1	"1"	1	1	1	1	1	1	1	1	1	1	1	1	1	1	1	1	1	"1"	1	2	2	2	2	2	2	2	2	2	2	2	2	2	2	2	2	2	2	2	2	2	2	2	2	2	2	2	2	2	2	2	2	2	2	2	2	2	2	0	0	0	0	0	0	0	1	1	1	1	1	1	1	1	1	1	1	1	"Violent"	"Easy"
"345"	1	1	1	1	1	1	1	1	1	1	1	1	1	"1"	1	1	1	1	1	1	1	1	1	1	1	1	1	1	1	1	1	"1"	1	2	2	2	2	2	2	2	2	2	2	2	2	2	2	2	2	2	2	2	2	2	2	2	2	2	2	2	2	2	2	2	2	2	2	2	2	2	2	0	0	0	0	0	0	0	1	1	1	1	1	1	1	1	1	1	1	1	"Violent"	"Easy"
"346"	1	1	1	1	1	1	1	1	1	1	1	1	1	"1"	1	1	1	1	1	1	1	1	1	1	1	1	1	1	1	1	1	"1"	1	2	2	2	2	2	2	2	2	2	2	2	2	2	2	2	2	2	2	2	2	2	2	2	2	2	2	2	2	2	2	2	2	2	2	2	2	2	2	0	0	0	0	0	0	0	1	1	1	1	1	1	1	1	1	1	1	1	"Violent"	"Easy"
"347"	1	1	1	1	1	1	1	1	1	1	1	1	1	"1"	1	1	1	1	1	1	1	1	1	1	1	1	1	1	1	1	1	"1"	1	2	2	2	2	2	2	2	2	2	2	2	2	2	2	2	2	2	2	2	2	2	2	2	2	2	2	2	2	2	2	2	2	2	2	2	2	2	2	0	0	0	0	0	0	0	1	1	1	1	1	1	1	1	1	1	1	1	"Violent"	"Easy"
"348"	1	1	1	1	1	1	1	1	1	1	1	1	1	"1"	1	1	1	1	1	1	1	1	1	1	1	1	1	1	1	1	1	"1"	1	2	2	2	2	2	2	2	2	2	2	2	2	2	2	2	2	2	2	2	2	2	2	2	2	2	2	2	2	2	2	2	2	2	2	2	2	2	2	0	0	0	0	0	0	0	1	1	1	1	1	1	1	1	1	1	1	1	"Violent"	"Easy"
"349"	1	1	1	1	1	1	1	1	1	1	1	1	1	"1"	1	1	1	1	1	1	1	1	1	1	1	1	1	1	1	1	1	"1"	1	2	2	2	2	2	2	2	2	2	2	2	2	2	2	2	2	2	2	2	2	2	2	2	2	2	2	2	2	2	2	2	2	2	2	2	2	2	2	0	0	0	0	0	0	0	1	1	1	1	1	1	1	1	1	1	1	1	"Violent"	"Easy"
"35"	1	1	1	1	1	1	1	1	1	1	1	1	1	"1"	1	1	1	1	1	1	0	0	0	0	0	0	0	0	0	0	0	"0"	0	1	1	1	1	1	1	1	1	1	1	1	1	1	1	1	1	1	1	1	1	1	1	1	1	1	1	1	1	1	1	1	1	1	1	1	1	1	1	1	1	1	1	1	1	1	1	1	1	1	1	1	1	1	1	1	1	1	"Nonviolent"	"Easy"
"350"	1	1	1	1	1	1	1	1	1	1	1	1	1	"1"	1	1	1	1	1	1	1	1	1	1	1	1	1	1	1	1	1	"1"	1	2	2	2	2	2	2	2	2	2	2	2	2	2	2	2	2	2	2	2	2	2	2	2	2	2	2	2	2	2	2	2	2	2	2	2	2	2	2	0	0	0	0	0	0	0	1	1	1	1	1	1	1	1	1	1	1	1	"Violent"	"Easy"
"351"	1	1	1	1	1	1	1	1	1	1	1	1	1	"1"	1	1	1	1	1	1	1	1	1	1	1	1	1	1	1	1	1	"1"	1	2	2	2	2	2	2	2	2	2	2	2	2	2	2	2	2	2	2	2	2	2	2	2	2	2	2	2	2	2	2	2	2	2	2	2	2	2	2	0	0	0	0	0	0	0	1	1	1	1	1	1	1	1	1	1	1	1	"Violent"	"Easy"
"352"	1	1	1	1	1	1	1	1	1	1	1	1	1	"1"	1	1	1	1	1	1	1	1	1	1	1	1	1	1	1	1	1	"1"	1	2	2	2	2	2	2	2	2	2	2	2	2	2	2	2	2	2	2	2	2	2	2	2	2	2	2	2	2	2	2	2	2	2	2	2	2	2	2	0	0	0	0	0	0	0	1	1	1	1	1	1	1	1	1	1	1	1	"Violent"	"Easy"
"353"	1	1	1	1	1	1	1	1	1	1	1	1	1	"1"	1	1	1	1	1	1	1	1	1	1	1	1	1	1	1	1	1	"1"	1	2	2	2	2	2	2	2	2	2	2	2	2	2	2	2	2	2	2	2	2	2	2	2	2	2	2	2	2	2	2	2	2	2	2	2	2	2	2	0	0	0	0	0	0	0	1	1	1	1	1	1	1	1	1	1	1	1	"Violent"	"Easy"
"354"	1	1	1	1	1	1	1	1	1	1	1	1	1	"1"	1	1	1	1	1	1	1	1	1	1	1	1	1	1	1	1	1	"1"	1	2	2	2	2	2	2	2	2	2	2	2	2	2	2	2	2	2	2	2	2	2	2	2	2	2	2	2	2	2	2	2	2	2	2	2	2	2	2	0	0	0	0	0	0	0	1	1	1	1	1	1	1	1	1	1	1	1	"Violent"	"Easy"
"355"	1	1	1	1	1	1	1	1	1	1	1	1	1	"1"	1	1	1	1	1	1	1	1	1	1	1	1	1	1	1	1	1	"1"	1	2	2	2	2	2	2	2	2	2	2	2	2	2	2	2	2	2	2	2	2	2	2	2	2	2	2	2	2	2	2	2	2	2	2	2	2	2	2	0	0	0	0	0	0	0	1	1	1	1	1	1	1	1	1	1	1	1	"Violent"	"Easy"
"356"	1	1	1	1	1	1	1	1	1	1	1	1	1	"1"	1	1	1	1	1	1	1	1	1	1	1	1	1	1	1	1	1	"1"	1	2	2	2	2	2	2	2	2	2	2	2	2	2	2	2	2	2	2	2	2	2	2	2	2	2	2	2	2	2	2	2	2	2	2	2	2	2	2	0	0	0	0	0	0	0	1	1	1	1	1	1	1	1	1	1	1	1	"Violent"	"Easy"
"357"	1	1	1	1	1	1	1	1	1	1	1	1	1	"1"	1	1	1	1	1	1	1	1	1	1	1	1	1	1	1	1	1	"1"	1	2	2	2	2	2	2	2	2	2	2	2	2	2	2	2	2	2	2	2	2	2	2	2	2	2	2	2	2	2	2	2	2	2	2	2	2	2	2	0	0	0	0	0	0	0	1	1	1	1	1	1	1	1	1	1	1	1	"Violent"	"Easy"
"358"	1	1	1	1	1	1	1	1	1	1	1	1	1	"1"	1	1	1	1	1	1	1	1	1	1	1	1	1	1	1	1	1	"1"	1	2	2	2	2	2	2	2	2	2	2	2	2	2	2	2	2	2	2	2	2	2	2	2	2	2	2	2	2	2	2	2	2	2	2	2	2	2	2	0	0	0	0	0	0	0	1	1	1	1	1	1	1	1	1	1	1	1	"Violent"	"Easy"
"359"	1	1	1	1	1	1	1	1	1	1	1	1	1	"1"	1	1	1	1	1	1	1	1	1	1	1	1	1	1	1	1	1	"1"	1	2	2	2	2	2	2	2	2	2	2	2	2	2	2	2	2	2	2	2	2	2	2	2	2	2	2	2	2	2	2	2	2	2	2	2	2	2	2	0	0	0	0	0	0	0	1	1	1	1	1	1	1	1	1	1	1	1	"Violent"	"Easy"
"36"	1	1	1	1	1	1	1	1	1	1	1	1	1	"1"	1	1	1	1	1	1	1	1	1	1	1	1	1	1	1	1	1	"1"	1	1	1	1	1	1	1	1	1	1	1	1	1	1	1	1	1	1	1	1	1	1	1	1	1	1	1	1	1	1	1	1	1	1	1	1	1	1	1	1	1	1	1	1	1	1	1	1	1	1	1	1	1	1	1	1	1	1	"Violent"	"Easy"
"360"	1	1	1	1	1	1	1	1	1	1	1	1	1	"1"	1	1	1	1	1	1	1	1	1	1	1	1	1	1	1	1	1	"1"	1	2	2	2	2	2	2	2	2	2	2	2	2	2	2	2	2	2	2	2	2	2	2	2	2	2	2	2	2	2	2	2	2	2	2	2	2	2	2	0	0	0	0	0	0	0	1	1	1	1	1	1	1	1	1	1	1	1	"Violent"	"Easy"
"361"	1	1	1	1	1	1	1	1	1	1	1	1	1	"1"	1	1	1	1	1	1	1	1	1	1	1	1	1	1	1	1	1	"1"	1	2	2	2	2	2	2	2	2	2	2	2	2	2	2	2	2	2	2	2	2	2	2	2	2	2	2	2	2	2	2	2	2	2	2	2	2	2	2	0	0	0	0	0	0	0	1	1	1	1	1	1	1	1	1	1	1	1	"Violent"	"Easy"
"362"	1	1	1	1	1	1	1	1	1	1	1	1	1	"1"	1	1	1	1	1	1	1	1	1	1	1	1	1	1	1	1	1	"1"	1	2	2	2	2	2	2	2	2	2	2	2	2	2	2	2	2	2	2	2	2	2	2	2	2	2	2	2	2	2	2	2	2	2	2	2	2	2	2	0	0	0	0	0	0	0	1	1	1	1	1	1	1	1	1	1	1	1	"Violent"	"Easy"
"363"	1	1	1	1	1	1	1	1	1	1	1	1	1	"1"	1	1	1	1	1	1	1	1	1	1	1	1	1	1	1	1	1	"1"	1	1	1	1	1	1	1	1	1	1	1	1	1	1	1	1	1	1	1	1	1	1	1	1	1	1	1	1	1	1	1	1	1	1	1	1	1	1	1	0	0	0	0	0	0	0	1	1	1	1	1	1	1	1	1	1	1	1	"Violent"	"Easy"
"364"	1	1	1	1	1	1	1	1	1	1	1	1	1	"1"	1	1	1	1	1	1	1	1	1	1	1	1	1	1	1	1	1	"1"	1	1	1	1	1	1	1	1	1	1	1	1	1	1	1	1	1	1	1	1	1	1	1	1	1	1	1	1	1	1	1	1	1	1	1	1	1	1	1	0	0	0	0	0	0	0	1	1	1	1	1	1	1	1	1	1	1	1	"Violent"	"Easy"
"365"	2	2	2	2	2	2	2	2	2	2	2	2	2	"2"	2	2	2	2	1	1	1	1	1	1	1	1	1	1	1	1	1	"1"	1	2	2	2	2	2	2	2	2	2	2	2	2	2	2	2	2	2	2	2	2	2	2	2	2	2	2	2	2	2	2	2	2	2	2	2	2	2	2	0	0	0	0	0	0	0	1	1	1	1	1	1	1	1	1	1	1	1	"Violent"	"Easy"
"366"	1	1	1	1	1	1	1	1	1	1	1	1	1	"1"	1	1	1	1	1	1	1	1	1	1	1	1	1	1	1	1	1	"1"	1	1	1	1	1	1	1	1	1	1	1	1	1	1	1	1	1	1	1	1	1	1	1	1	1	1	1	1	1	1	1	1	1	1	1	1	1	1	1	0	0	0	0	0	0	0	1	1	1	1	1	1	1	1	1	1	1	1	"Violent"	"Easy"
"367"	2	2	2	2	2	2	2	2	2	2	2	2	2	"2"	2	2	2	2	1	1	1	1	1	1	1	1	1	1	1	1	1	"1"	1	2	2	2	2	2	2	2	2	2	2	2	2	2	2	2	2	2	2	2	2	2	2	2	2	2	2	2	2	2	2	2	2	2	2	2	2	2	2	0	0	0	0	0	0	0	1	1	1	1	1	1	1	1	1	1	1	1	"Violent"	"Easy"
"368"	1	1	1	1	1	1	1	1	1	1	1	1	1	"1"	1	1	1	1	1	1	1	1	1	1	1	1	1	1	1	1	1	"1"	1	1	1	1	1	1	1	1	1	1	1	1	1	1	1	1	1	1	1	1	1	1	1	1	1	1	1	1	1	1	1	1	1	1	1	1	1	1	1	0	0	0	0	0	0	0	1	1	1	1	1	1	1	1	1	1	1	1	"Violent"	"Easy"
"369"	1	1	1	1	1	1	1	1	1	1	1	1	1	"1"	1	1	1	1	1	1	1	1	1	1	1	1	1	1	1	1	1	"1"	1	1	1	1	1	1	1	1	1	1	1	1	1	1	1	1	1	1	1	1	1	1	1	1	1	1	1	1	1	1	1	1	1	1	1	1	1	1	1	0	0	0	0	0	0	0	1	1	1	1	1	1	1	1	1	1	1	1	"Violent"	"Easy"
"37"	1	1	1	1	1	1	1	1	1	1	1	1	1	"1"	1	1	1	1	1	1	1	1	1	1	1	1	1	1	1	1	1	"1"	1	1	1	1	1	1	1	1	1	1	1	1	1	1	1	1	1	1	1	1	1	1	1	1	1	1	1	1	1	1	1	1	1	1	1	1	1	1	1	1	1	1	1	1	1	1	1	1	1	1	1	1	1	1	1	1	1	1	"Violent"	"Easy"
"370"	1	1	1	1	1	1	1	1	1	1	1	1	1	"1"	1	1	1	1	1	1	1	1	1	1	1	1	1	1	1	1	1	"1"	1	1	1	1	1	1	1	1	1	1	1	1	1	1	1	1	1	1	1	1	1	1	1	1	1	1	1	1	1	1	1	1	1	1	1	1	1	1	1	0	0	0	0	0	0	0	1	1	1	1	1	1	1	1	1	1	1	1	"Violent"	"Easy"
"371"	1	1	1	1	1	1	1	1	1	1	1	1	1	"1"	1	1	1	1	1	1	1	1	1	1	1	1	1	1	1	1	1	"1"	1	1	1	1	1	1	1	1	1	1	1	1	1	1	1	1	1	1	1	1	1	1	1	1	1	1	1	1	1	1	1	1	1	1	1	1	1	1	1	0	0	0	0	0	0	0	1	1	1	1	1	1	1	1	1	1	1	1	"Violent"	"Easy"
"372"	1	1	1	1	1	1	1	1	1	1	1	1	1	"1"	1	1	1	1	1	1	1	1	1	1	1	1	1	1	1	1	1	"1"	1	1	1	1	1	1	1	1	1	1	1	1	1	1	1	1	1	1	1	1	1	1	1	1	1	1	1	1	1	1	1	1	1	1	1	1	1	1	1	0	0	0	0	0	0	0	1	1	1	1	1	1	1	1	1	1	1	1	"Violent"	"Easy"
"373"	1	1	1	1	1	1	1	1	1	1	1	1	1	"1"	1	1	1	1	1	1	1	1	1	1	1	1	1	1	1	1	1	"1"	1	1	1	1	1	1	1	1	1	1	1	1	1	1	1	1	1	1	1	1	1	1	1	1	1	1	1	1	1	1	1	1	1	1	1	1	1	1	1	0	0	0	0	0	0	0	1	1	1	1	1	1	1	1	1	1	1	1	"Violent"	"Easy"
"374"	1	1	1	1	1	1	1	1	1	1	1	1	1	"1"	1	1	1	1	1	1	1	1	1	1	1	1	1	1	1	1	1	"1"	1	1	1	1	1	1	1	1	1	1	1	1	1	1	1	1	1	1	1	1	1	1	1	1	1	1	1	1	1	1	1	1	1	1	1	1	1	1	1	0	0	0	0	0	0	0	1	1	1	1	1	1	1	1	1	1	1	1	"Violent"	"Easy"
"375"	1	1	1	1	1	1	1	1	1	1	1	1	1	"1"	1	1	1	1	1	1	1	1	1	1	1	1	1	1	1	1	1	"1"	1	1	1	1	1	1	1	1	1	1	1	1	1	1	1	1	1	1	1	1	1	1	1	1	1	1	1	1	1	1	1	1	1	1	1	1	1	1	1	0	0	0	0	0	0	0	0	0	0	0	0	0	0	0	0	0	0	0	"Violent"	"Easy"
"376"	1	1	1	1	1	1	1	1	1	1	1	1	1	"1"	1	1	1	1	1	1	1	1	1	1	1	1	1	1	1	1	1	"1"	1	1	1	1	1	1	1	1	1	1	1	1	1	1	1	1	1	1	1	1	1	1	1	1	1	1	1	1	1	1	1	1	1	1	1	1	1	1	1	0	0	0	0	0	0	0	1	1	1	1	1	1	1	1	1	1	1	1	"Violent"	"Easy"
"377"	1	1	1	1	1	1	1	1	1	1	1	1	1	"1"	1	1	1	1	1	1	1	1	1	1	1	1	1	1	1	1	1	"1"	1	1	1	1	1	1	1	1	1	1	1	1	1	1	1	1	1	1	1	1	1	1	1	1	1	1	1	1	1	1	1	1	1	1	1	1	1	1	1	0	0	0	0	0	0	0	1	1	1	1	1	1	1	1	1	1	1	1	"Violent"	"Easy"
"378"	1	1	1	1	1	1	1	1	1	1	1	1	1	"1"	1	1	1	1	1	1	1	1	1	1	1	1	1	1	1	1	1	"1"	1	1	1	1	1	1	1	1	1	1	1	1	1	1	1	1	1	1	1	1	1	1	1	1	1	1	1	1	1	1	1	1	1	1	1	1	1	1	1	0	0	0	0	0	0	0	1	1	1	1	1	1	1	1	1	1	1	1	"Violent"	"Easy"
"379"	1	1	1	1	1	1	1	1	1	1	1	1	1	"1"	1	1	1	1	1	1	1	1	1	1	1	1	1	1	1	1	1	"1"	1	1	1	1	1	1	1	1	1	1	1	1	1	1	1	1	1	1	1	1	1	1	1	1	1	1	1	1	1	1	1	1	1	1	1	1	1	1	1	0	0	0	0	0	0	0	1	1	1	1	1	1	1	1	1	1	1	1	"Violent"	"Easy"
"38"	1	1	1	1	1	1	1	1	1	1	1	1	1	"1"	1	1	1	1	1	1	1	1	1	1	1	1	1	1	1	1	1	"1"	1	1	1	1	1	1	1	1	1	1	1	1	1	1	1	1	1	1	1	1	1	1	1	1	1	1	1	1	1	1	1	1	1	1	1	1	1	1	1	1	1	1	1	1	1	1	1	1	1	1	1	1	1	1	1	1	1	1	"Violent"	"Easy"
"380"	1	1	1	1	1	1	1	1	1	1	1	1	1	"1"	1	1	1	1	1	1	1	1	1	1	1	1	1	1	1	1	1	"1"	1	1	1	1	1	1	1	1	1	1	1	1	1	1	1	1	1	1	1	1	1	1	1	1	1	1	1	1	1	1	1	1	1	1	1	1	1	1	1	0	0	0	0	0	0	0	1	1	1	1	1	1	1	1	1	1	1	1	"Violent"	"Easy"
"381"	1	1	1	1	1	1	1	1	1	1	1	1	1	"1"	1	1	1	1	1	1	1	1	1	1	1	1	1	1	1	1	1	"1"	1	1	1	1	1	1	1	1	1	1	1	1	1	1	1	1	1	1	1	1	1	1	1	1	1	1	1	1	1	1	1	1	1	1	1	1	1	1	1	0	0	0	0	0	0	0	1	1	1	1	1	1	1	1	1	1	1	1	"Violent"	"Easy"
"382"	0	0	0	0	0	0	0	0	0	0	0	0	0	"0"	0	0	0	0	1	1	1	1	1	1	1	1	1	1	1	1	1	"1"	1	1	1	1	1	1	1	1	1	1	1	1	1	1	1	1	1	1	1	1	1	1	1	1	1	1	1	1	1	1	1	1	1	1	1	1	1	1	1	0	0	0	0	0	0	0	1	1	1	1	1	1	1	1	1	1	1	1	"Violent"	"Easy"
"383"	0	0	0	0	0	0	0	0	0	0	0	0	0	"0"	0	0	0	0	1	1	1	1	1	1	1	1	1	1	1	1	1	"1"	1	1	1	1	1	1	1	1	1	1	1	1	1	1	1	1	1	1	1	1	1	1	1	1	1	1	1	1	1	1	1	1	1	1	1	1	1	1	1	0	0	0	0	0	0	0	1	1	1	1	1	1	1	1	1	1	1	1	"Violent"	"Easy"
"384"	0	0	0	0	0	0	0	0	0	0	0	0	0	"0"	0	0	0	0	1	1	1	1	1	1	1	1	1	1	1	1	1	"1"	1	1	1	1	1	1	1	1	1	1	1	1	1	1	1	1	1	1	1	1	1	1	1	1	1	1	1	1	1	1	1	1	1	1	1	1	1	1	1	0	0	0	0	0	0	0	1	1	1	1	1	1	1	1	1	1	1	1	"Violent"	"Easy"
"385"	0	0	0	0	0	0	0	0	0	0	0	0	0	"0"	0	0	0	0	1	1	1	1	1	1	1	1	1	1	1	1	1	"1"	1	1	1	1	1	1	1	1	1	1	1	1	1	1	1	1	1	1	1	1	1	1	1	1	1	1	1	1	1	1	1	1	1	1	1	1	1	1	1	0	0	0	0	0	0	0	1	1	1	1	1	1	1	1	1	1	1	1	"Violent"	"Easy"
"386"	0	0	0	0	0	0	0	0	0	0	0	0	0	"0"	0	0	0	0	1	1	1	1	1	1	1	1	1	1	1	1	1	"1"	1	1	1	1	1	1	1	1	1	1	1	1	1	1	1	1	1	1	1	1	1	1	1	1	1	1	1	1	1	1	1	1	1	1	1	1	1	1	1	0	0	0	0	0	0	0	1	1	1	1	1	1	1	1	1	1	1	1	"Violent"	"Easy"
"387"	0	0	0	0	0	0	0	0	0	0	0	0	0	"0"	0	0	0	0	1	1	1	1	1	1	1	1	1	1	1	1	1	"1"	1	1	1	1	1	1	1	1	1	1	1	1	1	1	1	1	1	1	1	1	1	1	1	1	1	1	1	1	1	1	1	1	1	1	1	1	1	1	1	0	0	0	0	0	0	0	1	1	1	1	1	1	1	1	1	1	1	1	"Violent"	"Easy"
"388"	0	0	0	0	0	0	0	0	0	0	0	0	0	"0"	0	0	0	0	1	1	1	1	1	1	1	1	1	1	1	1	1	"1"	1	1	1	1	1	1	1	1	1	1	1	1	1	1	1	1	1	1	1	1	1	1	1	1	1	1	1	1	1	1	1	1	1	1	1	1	1	1	1	0	0	0	0	0	0	0	1	1	1	1	1	1	1	1	1	1	1	1	"Violent"	"Easy"
"389"	0	0	0	0	0	0	0	0	0	0	0	0	0	"0"	0	0	0	0	1	1	1	1	1	1	1	1	1	1	1	1	1	"1"	1	1	1	1	1	1	1	1	1	1	1	1	1	1	1	1	1	1	1	1	1	1	1	1	1	1	1	1	1	1	1	1	1	1	1	1	1	1	1	0	0	0	0	0	0	0	1	1	1	1	1	1	1	1	1	1	1	1	"Violent"	"Easy"
"39"	1	1	1	1	1	1	1	1	1	1	1	1	1	"1"	1	1	1	1	1	1	1	1	1	1	1	1	1	1	1	1	1	"1"	1	1	1	1	1	1	1	1	1	1	1	1	1	1	1	1	1	1	1	1	1	1	1	1	1	1	1	1	1	1	1	1	1	1	1	1	1	1	1	1	1	1	1	1	1	1	1	1	1	1	1	1	1	1	1	1	1	1	"Violent"	"Easy"
"390"	0	0	0	0	0	0	0	0	0	0	0	0	0	"0"	0	0	0	0	1	1	1	1	1	1	1	1	1	1	1	1	1	"1"	1	1	1	1	1	1	1	1	1	1	1	1	1	1	1	1	1	1	1	1	1	1	1	1	1	1	1	1	1	1	1	1	1	1	1	1	1	1	1	0	0	0	0	0	0	0	1	1	1	1	1	1	1	1	1	1	1	1	"Violent"	"Easy"
"391"	0	0	0	0	0	0	0	0	0	0	0	0	0	"0"	0	0	0	0	1	1	1	1	1	1	1	1	1	1	1	1	1	"1"	1	1	1	1	1	1	1	1	1	1	1	1	1	1	1	1	1	1	1	1	1	1	1	1	1	1	1	1	1	1	1	1	1	1	1	1	1	1	1	0	0	0	0	0	0	0	1	1	1	1	1	1	1	1	1	1	1	1	"Violent"	"Easy"
"392"	0	0	0	0	0	0	0	0	0	0	0	0	0	"0"	0	0	0	0	1	1	1	1	1	1	1	1	1	1	1	1	1	"1"	1	1	1	1	1	1	1	1	1	1	1	1	1	1	1	1	1	1	1	1	1	1	1	1	1	1	1	1	1	1	1	1	1	1	1	1	1	1	1	0	0	0	0	0	0	0	1	1	1	1	1	1	1	1	1	1	1	1	"Violent"	"Easy"
"393"	0	0	0	0	0	0	0	0	0	0	0	0	0	"0"	0	0	0	0	1	1	1	1	1	1	1	1	1	1	1	1	1	"1"	1	1	1	1	1	1	1	1	1	1	1	1	1	1	1	1	1	1	1	1	1	1	1	1	1	1	1	1	1	1	1	1	1	1	1	1	1	1	1	0	0	0	0	0	0	0	1	1	1	1	1	1	1	1	1	1	1	1	"Violent"	"Easy"
"394"	0	0	0	0	0	0	0	0	0	0	0	0	0	"0"	0	0	0	0	1	1	1	1	1	1	1	1	1	1	1	1	1	"1"	1	1	1	1	1	1	1	1	1	1	1	1	1	1	1	1	1	1	1	1	1	1	1	1	1	1	1	1	1	1	1	1	1	1	1	1	1	1	1	0	0	0	0	0	0	0	1	1	1	1	1	1	1	1	1	1	1	1	"Violent"	"Easy"
"395"	0	0	0	0	0	0	0	0	0	0	0	0	0	"0"	0	0	0	0	1	1	1	1	1	1	1	1	1	1	1	1	1	"1"	1	1	1	1	1	1	1	1	1	1	1	1	1	1	1	1	1	1	1	1	1	1	1	1	1	1	1	1	1	1	1	1	1	1	1	1	1	1	1	0	0	0	0	0	0	0	1	1	1	1	1	1	1	1	1	1	1	1	"Violent"	"Easy"
"396"	0	0	0	0	0	0	0	0	0	0	0	0	0	"0"	0	0	0	0	1	1	1	1	1	1	1	1	1	1	1	1	1	"1"	1	1	1	1	1	1	1	1	1	1	1	1	1	1	1	1	1	1	1	1	1	1	1	1	1	1	1	1	1	1	1	1	1	1	1	1	1	1	1	0	0	0	0	0	0	0	1	1	1	1	1	1	1	1	1	1	1	1	"Violent"	"Easy"
"397"	0	0	0	0	0	0	0	0	0	0	0	0	0	"0"	0	0	0	0	1	1	1	1	1	1	1	1	1	1	1	1	1	"1"	1	1	1	1	1	1	1	1	1	1	1	1	1	1	1	1	1	1	1	1	1	1	1	1	1	1	1	1	1	1	1	1	1	1	1	1	1	1	1	0	0	0	0	0	0	0	1	1	1	1	1	1	1	1	1	1	1	1	"Violent"	"Easy"
"398"	0	0	0	0	0	0	0	0	0	0	0	0	0	"0"	0	0	0	0	1	1	1	1	1	1	1	1	1	1	1	1	1	"1"	1	1	1	1	1	1	1	1	1	1	1	1	1	1	1	1	1	1	1	1	1	1	1	1	1	1	1	1	1	1	1	1	1	1	1	1	1	1	1	0	0	0	0	0	0	0	1	1	1	1	1	1	1	1	1	1	1	1	"Violent"	"Easy"
"399"	0	0	0	0	0	0	0	0	0	0	0	0	0	"0"	0	0	0	0	1	1	1	1	1	1	1	1	1	1	1	1	1	"1"	1	1	1	1	1	1	1	1	1	1	1	1	1	1	1	1	1	1	1	1	1	1	1	1	1	1	1	1	1	1	1	1	1	1	1	1	1	1	1	0	0	0	0	0	0	0	1	1	1	1	1	1	1	1	1	1	1	1	"Violent"	"Easy"
"4"	1	1	1	1	1	1	1	1	1	1	1	1	1	"1"	1	1	1	1	1	1	0	0	0	0	0	0	0	0	0	0	0	"0"	0	1	1	1	1	1	1	1	1	1	1	1	1	1	1	1	1	1	1	1	1	1	1	1	1	1	1	1	1	1	1	1	1	1	1	1	1	1	1	0	0	0	0	0	0	0	1	1	1	1	1	1	1	1	1	1	1	1	"Nonviolent"	"Easy"
"40"	1	1	1	1	1	1	1	1	1	1	1	1	1	"1"	1	1	1	1	1	1	1	1	1	1	1	1	1	1	1	1	1	"1"	1	1	1	1	1	1	1	1	1	1	1	1	1	1	1	1	1	1	1	1	1	1	1	1	1	1	1	1	1	1	1	1	1	1	1	1	1	1	1	1	1	1	1	1	1	1	1	1	1	1	1	1	1	1	1	1	1	1	"Violent"	"Easy"
"400"	0	0	0	0	0	0	0	0	0	0	0	0	0	"0"	0	0	0	0	1	1	1	1	1	1	1	1	1	1	1	1	1	"1"	1	1	1	1	1	1	1	1	1	1	1	1	1	1	1	1	1	1	1	1	1	1	1	1	1	1	1	1	1	1	1	1	1	1	1	1	1	1	1	0	0	0	0	0	0	0	1	1	1	1	1	1	1	1	1	1	1	1	"Violent"	"Easy"
"401"	0	0	0	0	0	0	0	0	0	0	0	0	0	"0"	0	0	0	0	1	1	1	1	1	1	1	1	1	1	1	1	1	"1"	1	1	1	1	1	1	1	1	1	1	1	1	1	1	1	1	1	1	1	1	1	1	1	1	1	1	1	1	1	1	1	1	1	1	1	1	1	1	1	0	0	0	0	0	0	0	1	1	1	1	1	1	1	1	1	1	1	1	"Violent"	"Easy"
"402"	0	0	0	0	0	0	0	0	0	0	0	0	0	"0"	0	0	0	0	1	1	1	1	1	1	1	1	1	1	1	1	1	"1"	1	1	1	1	1	1	1	1	1	1	1	1	1	1	1	1	1	1	1	1	1	1	1	1	1	1	1	1	1	1	1	1	1	1	1	1	1	1	1	0	0	0	0	0	0	0	1	1	1	1	1	1	1	1	1	1	1	1	"Violent"	"Easy"
"403"	0	0	0	0	0	0	0	0	0	0	0	0	0	"0"	0	0	0	0	1	1	1	1	1	1	1	1	1	1	1	1	1	"1"	1	1	1	1	1	1	1	1	1	1	1	1	1	1	1	1	1	1	1	1	1	1	1	1	1	1	1	1	1	1	1	1	1	1	1	1	1	1	1	0	0	0	0	0	0	0	1	1	1	1	1	1	1	1	1	1	1	1	"Violent"	"Easy"
"404"	0	0	0	0	0	0	0	0	0	0	0	0	0	"0"	0	0	0	0	1	1	1	1	1	1	1	1	1	1	1	1	1	"1"	1	1	1	1	1	1	1	1	1	1	1	1	1	1	1	1	1	1	1	1	1	1	1	1	1	1	1	1	1	1	1	1	1	1	1	1	1	1	1	0	0	0	0	0	0	0	1	1	1	1	1	1	1	1	1	1	1	1	"Violent"	"Easy"
"405"	0	0	0	0	0	0	0	0	0	0	0	0	0	"0"	0	0	0	0	1	1	1	1	1	1	1	1	1	1	1	1	1	"1"	1	1	1	1	1	1	1	1	1	1	1	1	1	1	1	1	1	1	1	1	1	1	1	1	1	1	1	1	1	1	1	1	1	1	1	1	1	1	1	0	0	0	0	0	0	0	1	1	1	1	1	1	1	1	1	1	1	1	"Violent"	"Easy"
"406"	0	0	0	0	0	0	0	0	0	0	0	0	0	"0"	0	0	0	0	1	1	1	1	1	1	1	1	1	1	1	1	1	"1"	1	1	1	1	1	1	1	1	1	1	1	1	1	1	1	1	1	1	1	1	1	1	1	1	1	1	1	1	1	1	1	1	1	1	1	1	1	1	1	0	0	0	0	0	0	0	1	1	1	1	1	1	1	1	1	1	1	1	"Violent"	"Easy"
"407"	0	0	0	0	0	0	0	0	0	0	0	0	0	"0"	0	0	0	0	1	1	1	1	1	1	1	1	1	1	1	1	1	"1"	1	1	1	1	1	1	1	1	1	1	1	1	1	1	1	1	1	1	1	1	1	1	1	1	1	1	1	1	1	1	1	1	1	1	1	1	1	1	1	0	0	0	0	0	0	0	1	1	1	1	1	1	1	1	1	1	1	1	"Violent"	"Easy"
"408"	0	0	0	0	0	0	0	0	0	0	0	0	0	"0"	0	0	0	0	1	1	1	1	1	1	1	1	1	1	1	1	1	"1"	1	1	1	1	1	1	1	1	1	1	1	1	1	1	1	1	1	1	1	1	1	1	1	1	1	1	1	1	1	1	1	1	1	1	1	1	1	1	1	0	0	0	0	0	0	0	1	1	1	1	1	1	1	1	1	1	1	1	"Violent"	"Easy"
"409"	0	0	0	0	0	0	0	0	0	0	0	0	0	"0"	0	0	0	0	1	1	1	1	1	1	1	1	1	1	1	1	1	"1"	1	1	1	1	1	1	1	1	1	1	1	1	1	1	1	1	1	1	1	1	1	1	1	1	1	1	1	1	1	1	1	1	1	1	1	1	1	1	1	0	0	0	0	0	0	0	1	1	1	1	1	1	1	1	1	1	1	1	"Violent"	"Easy"
"41"	1	1	1	1	1	1	1	1	1	1	1	1	1	"1"	1	1	1	1	1	1	1	1	1	1	1	1	1	1	1	1	1	"1"	1	1	1	1	1	1	1	1	1	1	1	1	1	1	1	1	1	1	1	1	1	1	1	1	1	1	1	1	1	1	1	1	1	1	1	1	1	1	1	1	1	1	1	1	1	1	1	1	1	1	1	1	1	1	1	1	1	1	"Violent"	"Easy"
"410"	0	0	0	0	0	0	0	0	0	0	0	0	0	"0"	0	0	0	0	1	1	1	1	1	1	1	1	1	1	1	1	1	"1"	1	1	1	1	1	1	1	1	1	1	1	1	1	1	1	1	1	1	1	1	1	1	1	1	1	1	1	1	1	1	1	1	1	1	1	1	1	1	1	0	0	0	0	0	0	0	1	1	1	1	1	1	1	1	1	1	1	1	"Violent"	"Easy"
"411"	0	0	0	0	0	0	0	0	0	0	0	0	0	"0"	0	0	0	0	1	1	1	1	1	1	1	1	1	1	1	1	1	"1"	1	1	1	1	1	1	1	1	1	1	1	1	1	1	1	1	1	1	1	1	1	1	1	1	1	1	1	1	1	1	1	1	1	1	1	1	1	1	1	0	0	0	0	0	0	0	1	1	1	1	1	1	1	1	1	1	1	1	"Violent"	"Easy"
"412"	0	0	0	0	0	0	0	0	0	0	0	0	0	"0"	0	0	0	0	1	1	1	1	1	1	1	1	1	1	1	1	1	"1"	1	1	1	1	1	1	1	1	1	1	1	1	1	1	1	1	1	1	1	1	1	1	1	1	1	1	1	1	1	1	1	1	1	1	1	1	1	1	1	0	0	0	0	0	0	0	1	1	1	1	1	1	1	1	1	1	1	1	"Violent"	"Easy"
"413"	0	0	0	0	0	0	0	0	0	0	0	0	0	"0"	0	0	0	0	1	1	1	1	1	1	1	1	1	1	1	1	1	"1"	1	1	1	1	1	1	1	1	1	1	1	1	1	1	1	1	1	1	1	1	1	1	1	1	1	1	1	1	1	1	1	1	1	1	1	1	1	1	1	0	0	0	0	0	0	0	1	1	1	1	1	1	1	1	1	1	1	1	"Violent"	"Easy"
"414"	0	0	0	0	0	0	0	0	0	0	0	0	0	"0"	0	0	0	0	1	1	1	1	1	1	1	1	1	1	1	1	1	"1"	1	1	1	1	1	1	1	1	1	1	1	1	1	1	1	1	1	1	1	1	1	1	1	1	1	1	1	1	1	1	1	1	1	1	1	1	1	1	1	0	0	0	0	0	0	0	1	1	1	1	1	1	1	1	1	1	1	1	"Violent"	"Easy"
"415"	0	0	0	0	0	0	0	0	0	0	0	0	0	"0"	0	0	0	0	1	1	1	1	1	1	1	1	1	1	1	1	1	"1"	1	1	1	1	1	1	1	1	1	1	1	1	1	1	1	1	1	1	1	1	1	1	1	1	1	1	1	1	1	1	1	1	1	1	1	1	1	1	1	0	0	0	0	0	0	0	1	1	1	1	1	1	1	1	1	1	1	1	"Violent"	"Easy"
"416"	0	0	0	0	0	0	0	0	0	0	0	0	0	"0"	0	0	0	0	1	1	1	1	1	1	1	1	1	1	1	1	1	"1"	1	1	1	1	1	1	1	1	1	1	1	1	1	1	1	1	1	1	1	1	1	1	1	1	1	1	1	1	1	1	1	1	1	1	1	1	1	1	1	0	0	0	0	0	0	0	1	1	1	1	1	1	1	1	1	1	1	1	"Violent"	"Easy"
"417"	0	0	0	0	0	0	0	0	0	0	0	0	0	"0"	0	0	0	0	1	1	1	1	1	1	1	1	1	1	1	1	1	"1"	1	1	1	1	1	1	1	1	1	1	1	1	1	1	1	1	1	1	1	1	1	1	1	1	1	1	1	1	1	1	1	1	1	1	1	1	1	1	1	0	0	0	0	0	0	0	1	1	1	1	1	1	1	1	1	1	1	1	"Violent"	"Easy"
"418"	0	0	0	0	0	0	0	0	0	0	0	0	0	"0"	0	0	0	0	1	1	1	1	1	1	1	1	1	1	1	1	1	"1"	1	1	1	1	1	1	1	1	1	1	1	1	1	1	1	1	1	1	1	1	1	1	1	1	1	1	1	1	1	1	1	1	1	1	1	1	1	1	1	0	0	0	0	0	0	0	1	1	1	1	1	1	1	1	1	1	1	1	"Violent"	"Easy"
"419"	0	0	0	0	0	0	0	0	0	0	0	0	0	"0"	0	0	0	0	1	1	1	1	1	1	1	1	1	1	1	1	1	"1"	1	1	1	1	1	1	1	1	1	1	1	1	1	1	1	1	1	1	1	1	1	1	1	1	1	1	1	1	1	1	1	1	1	1	1	1	1	1	1	0	0	0	0	0	0	0	1	1	1	1	1	1	1	1	1	1	1	1	"Violent"	"Easy"
"42"	1	1	1	1	1	1	1	1	1	1	1	1	1	"1"	1	1	1	1	1	1	1	1	1	1	1	1	1	1	1	1	1	"1"	1	1	1	1	1	1	1	1	1	1	1	1	1	1	1	1	1	1	1	1	1	1	1	1	1	1	1	1	1	1	1	1	1	1	1	1	1	1	1	1	1	1	1	1	1	1	1	1	1	1	1	1	1	1	1	1	1	1	"Violent"	"Easy"
"420"	0	0	0	0	0	0	0	0	0	0	0	0	0	"0"	0	0	0	0	1	1	1	1	1	1	1	1	1	1	1	1	1	"1"	1	1	1	1	1	1	1	1	1	1	1	1	1	1	1	1	1	1	1	1	1	1	1	1	1	1	1	1	1	1	1	1	1	1	1	1	1	1	1	0	0	0	0	0	0	0	1	1	1	1	1	1	1	1	1	1	1	1	"Violent"	"Easy"
"421"	0	0	0	0	0	0	0	0	0	0	0	0	0	"0"	0	0	0	0	1	1	1	1	1	1	1	1	1	1	1	1	1	"1"	1	1	1	1	1	1	1	1	1	1	1	1	1	1	1	1	1	1	1	1	1	1	1	1	1	1	1	1	1	1	1	1	1	1	1	1	1	1	1	0	0	0	0	0	0	0	1	1	1	1	1	1	1	1	1	1	1	1	"Violent"	"Easy"
"422"	0	0	0	0	0	0	0	0	0	0	0	0	0	"0"	0	0	0	0	1	1	1	1	1	1	1	1	1	1	1	1	1	"1"	1	1	1	1	1	1	1	1	1	1	1	1	1	1	1	1	1	1	1	1	1	1	1	1	1	1	1	1	1	1	1	1	1	1	1	1	1	1	1	0	0	0	0	0	0	0	1	1	1	1	1	1	1	1	1	1	1	1	"Violent"	"Easy"
"423"	0	0	0	0	0	0	0	0	0	0	0	0	0	"0"	0	0	0	0	1	1	1	1	1	1	1	1	1	1	1	1	1	"1"	1	1	1	1	1	1	1	1	1	1	1	1	1	1	1	1	1	1	1	1	1	1	1	1	1	1	1	1	1	1	1	1	1	1	1	1	1	1	1	0	0	0	0	0	0	0	1	1	1	1	1	1	1	1	1	1	1	1	"Violent"	"Easy"
"424"	0	0	0	0	0	0	0	0	0	0	0	0	0	"0"	0	0	0	0	1	1	1	1	1	1	1	1	1	1	1	1	1	"1"	1	1	1	1	1	1	1	1	1	1	1	1	1	1	1	1	1	1	1	1	1	1	1	1	1	1	1	1	1	1	1	1	1	1	1	1	1	1	1	0	0	0	0	0	0	0	1	1	1	1	1	1	1	1	1	1	1	1	"Violent"	"Easy"
"425"	0	0	0	0	0	0	0	0	0	0	0	0	0	"0"	0	0	0	0	1	1	1	1	1	1	1	1	1	1	1	1	1	"1"	1	1	1	1	1	1	1	1	1	1	1	1	1	1	1	1	1	1	1	1	1	1	1	1	1	1	1	1	1	1	1	1	1	1	1	1	1	1	1	0	0	0	0	0	0	0	0	0	0	0	0	0	0	0	0	0	0	0	"Violent"	"Easy"
"426"	0	0	0	0	0	0	0	0	0	0	0	0	0	"0"	0	0	0	0	1	1	1	1	1	1	1	1	1	1	1	1	1	"1"	1	1	1	1	1	1	1	1	1	1	1	1	1	1	1	1	1	1	1	1	1	1	1	1	1	1	1	1	1	1	1	1	1	1	1	1	1	1	1	0	0	0	0	0	0	0	0	0	0	0	0	0	0	0	0	0	0	0	"Violent"	"Easy"
"427"	0	0	0	0	0	0	0	0	0	0	0	0	0	"0"	0	0	0	0	1	1	1	1	1	1	1	1	1	1	1	1	1	"1"	1	1	1	1	1	1	1	1	1	1	1	1	1	1	1	1	1	1	1	1	1	1	1	1	1	1	1	1	1	1	1	1	1	1	1	1	1	1	1	0	0	0	0	0	0	0	0	0	0	0	0	0	0	0	0	0	0	0	"Violent"	"Easy"
"428"	0	0	0	0	0	0	0	0	0	0	0	0	0	"0"	0	0	0	0	1	1	1	1	1	1	1	1	1	1	1	1	1	"1"	1	1	1	1	1	1	1	1	1	1	1	1	1	1	1	1	1	1	1	1	1	1	1	1	1	1	1	1	1	1	1	1	1	1	1	1	1	1	1	0	0	0	0	0	0	0	0	0	0	0	0	0	0	0	0	0	0	0	"Violent"	"Easy"
"429"	0	0	0	0	0	0	0	0	0	0	0	0	0	"0"	0	0	0	0	1	1	1	1	1	1	1	1	1	1	1	1	1	"1"	1	1	1	1	1	1	1	1	1	1	1	1	1	1	1	1	1	1	1	1	1	1	1	1	1	1	1	1	1	1	1	1	1	1	1	1	1	1	1	0	0	0	0	0	0	0	0	0	0	0	0	0	0	0	0	0	0	0	"Violent"	"Easy"
"43"	1	1	1	1	1	1	1	1	1	1	1	1	1	"1"	1	1	1	1	1	1	1	1	1	1	1	1	1	1	1	1	1	"1"	1	1	1	1	1	1	1	1	1	1	1	1	1	1	1	1	1	1	1	1	1	1	1	1	1	1	1	1	1	1	1	1	1	1	1	1	1	1	1	1	1	1	1	1	1	1	1	1	1	1	1	1	1	1	1	1	1	1	"Violent"	"Easy"
"430"	0	0	0	0	0	0	0	0	0	0	0	0	0	"0"	0	0	0	0	1	1	1	1	1	1	1	1	1	1	1	1	1	"1"	1	1	1	1	1	1	1	1	1	1	1	1	1	1	1	1	1	1	1	1	1	1	1	1	1	1	1	1	1	1	1	1	1	1	1	1	1	1	1	0	0	0	0	0	0	0	0	0	0	0	0	0	0	0	0	0	0	0	"Violent"	"Easy"
"431"	0	0	0	0	0	0	0	0	0	0	0	0	0	"0"	0	0	0	0	1	1	1	1	1	1	1	1	1	1	1	1	1	"1"	1	1	1	1	1	1	1	1	1	1	1	1	1	1	1	1	1	1	1	1	1	1	1	1	1	1	1	1	1	1	1	1	1	1	1	1	1	1	1	0	0	0	0	0	0	0	0	0	0	0	0	0	0	0	0	0	0	0	"Violent"	"Easy"
"432"	0	0	0	0	0	0	0	0	0	0	0	0	0	"0"	0	0	0	0	1	1	1	1	1	1	1	1	1	1	1	1	1	"1"	1	1	1	1	1	1	1	1	1	1	1	1	1	1	1	1	1	1	1	1	1	1	1	1	1	1	1	1	1	1	1	1	1	1	1	1	1	1	1	0	0	0	0	0	0	0	0	0	0	0	0	0	0	0	0	0	0	0	"Violent"	"Easy"
"433"	0	0	0	0	0	0	0	0	0	0	0	0	0	"0"	0	0	0	0	1	1	1	1	1	1	1	1	1	1	1	1	1	"1"	1	1	1	1	1	1	1	1	1	1	1	1	1	1	1	1	1	1	1	1	1	1	1	1	1	1	1	1	1	1	1	1	1	1	1	1	1	1	1	0	0	0	0	0	0	0	0	0	0	0	0	0	0	0	0	0	0	0	"Violent"	"Easy"
"434"	0	0	0	0	0	0	0	0	0	0	0	0	0	"0"	0	0	0	0	1	1	1	1	1	1	1	1	1	1	1	1	1	"1"	1	1	1	1	1	1	1	1	1	1	1	1	1	1	1	1	1	1	1	1	1	1	1	1	1	1	1	1	1	1	1	1	1	1	1	1	1	1	1	0	0	0	0	0	0	0	0	0	0	0	0	0	0	0	0	0	0	0	"Violent"	"Easy"
"435"	0	0	0	0	0	0	0	0	0	0	0	0	0	"0"	0	0	0	0	1	1	1	1	1	1	1	1	1	1	1	1	1	"1"	1	1	1	1	1	1	1	1	1	1	1	1	1	1	1	1	1	1	1	1	1	1	1	1	1	1	1	1	1	1	1	1	1	1	1	1	1	1	1	0	0	0	0	0	0	0	0	0	0	0	0	0	0	0	0	0	0	0	"Violent"	"Easy"
"436"	0	0	0	0	0	0	0	0	0	0	0	0	0	"0"	0	0	0	0	1	1	1	1	1	1	1	1	1	1	1	1	1	"1"	1	1	1	1	1	1	1	1	1	1	1	1	1	1	1	1	1	1	1	1	1	1	1	1	1	1	1	1	1	1	1	1	1	1	1	1	1	1	1	0	0	0	0	0	0	0	0	0	0	0	0	0	0	0	0	0	0	0	"Violent"	"Easy"
"437"	0	0	0	0	0	0	0	0	0	0	0	0	0	"0"	0	0	0	0	1	1	1	1	1	1	1	1	1	1	1	1	1	"1"	1	1	1	1	1	1	1	1	1	1	1	1	1	1	1	1	1	1	1	1	1	1	1	1	1	1	1	1	1	1	1	1	1	1	1	1	1	1	1	0	0	0	0	0	0	0	0	0	0	0	0	0	0	0	0	0	0	0	"Violent"	"Easy"
"438"	0	0	0	0	0	0	0	0	0	0	0	0	0	"0"	0	0	0	0	1	1	1	1	1	1	1	1	1	1	1	1	1	"1"	1	1	1	1	1	1	1	1	1	1	1	1	1	1	1	1	1	1	1	1	1	1	1	1	1	1	1	1	1	1	1	1	1	1	1	1	1	1	1	0	0	0	0	0	0	0	0	0	0	0	0	0	0	0	0	0	0	0	"Violent"	"Easy"
"439"	0	0	0	0	0	0	0	0	0	0	0	0	0	"0"	0	0	0	0	1	1	1	1	1	1	1	1	1	1	1	1	1	"1"	1	1	1	1	1	1	1	1	1	1	1	1	1	1	1	1	1	1	1	1	1	1	1	1	1	1	1	1	1	1	1	1	1	1	1	1	1	1	1	0	0	0	0	0	0	0	0	0	0	0	0	0	0	0	0	0	0	0	"Violent"	"Easy"
"44"	1	1	1	1	1	1	1	1	1	1	1	1	1	"1"	1	1	1	1	1	1	1	1	1	1	1	1	1	1	1	1	1	"1"	1	1	1	1	1	1	1	1	1	1	1	1	1	1	1	1	1	1	1	1	1	1	1	1	1	1	1	1	1	1	1	1	1	1	1	1	1	1	1	1	1	1	1	1	1	1	1	1	1	1	1	1	1	1	1	1	1	1	"Violent"	"Easy"
"440"	0	0	0	0	0	0	0	0	0	0	0	0	0	"0"	0	0	0	0	1	1	1	1	1	1	1	1	1	1	1	1	1	"1"	1	1	1	1	1	1	1	1	1	1	1	1	1	1	1	1	1	1	1	1	1	1	1	1	1	1	1	1	1	1	1	1	1	1	1	1	1	1	1	0	0	0	0	0	0	0	0	0	0	0	0	0	0	0	0	0	0	0	"Violent"	"Easy"
"441"	0	0	0	0	0	0	0	0	0	0	0	0	0	"0"	0	0	0	0	1	1	1	1	1	1	1	1	1	1	1	1	1	"1"	1	1	1	1	1	1	1	1	1	1	1	1	1	1	1	1	1	1	1	1	1	1	1	1	1	1	1	1	1	1	1	1	1	1	1	1	1	1	1	0	0	0	0	0	0	0	0	0	0	0	0	0	0	0	0	0	0	0	"Violent"	"Easy"
"442"	0	0	0	0	0	0	0	0	0	0	0	0	0	"0"	0	0	0	0	1	1	1	1	1	1	1	1	1	1	1	1	1	"1"	1	1	1	1	1	1	1	1	1	1	1	1	1	1	1	1	1	1	1	1	1	1	1	1	1	1	1	1	1	1	1	1	1	1	1	1	1	1	1	0	0	0	0	0	0	0	0	0	0	0	0	0	0	0	0	0	0	0	"Violent"	"Easy"
"443"	0	0	0	0	0	0	0	0	0	0	0	0	0	"0"	0	0	0	0	1	1	1	1	1	1	1	1	1	1	1	1	1	"1"	1	1	1	1	1	1	1	1	1	1	1	1	1	1	1	1	1	1	1	1	1	1	1	1	1	1	1	1	1	1	1	1	1	1	1	1	1	1	1	0	0	0	0	0	0	0	0	0	0	0	0	0	0	0	0	0	0	0	"Violent"	"Easy"
"444"	0	0	0	0	0	0	0	0	0	0	0	0	0	"0"	0	0	0	0	1	1	1	1	1	1	1	1	1	1	1	1	1	"1"	1	1	1	1	1	1	1	1	1	1	1	1	1	1	1	1	1	1	1	1	1	1	1	1	1	1	1	1	1	1	1	1	1	1	1	1	1	1	1	0	0	0	0	0	0	0	0	0	0	0	0	0	0	0	0	0	0	0	"Violent"	"Easy"
"445"	0	0	0	0	0	0	0	0	0	0	0	0	0	"0"	0	0	0	0	1	1	1	1	1	1	1	1	1	1	1	1	1	"1"	1	1	1	1	1	1	1	1	1	1	1	1	1	1	1	1	1	1	1	1	1	1	1	1	1	1	1	1	1	1	1	1	1	1	1	1	1	1	1	0	0	0	0	0	0	0	0	0	0	0	0	0	0	0	0	0	0	0	"Violent"	"Easy"
"446"	0	0	0	0	0	0	0	0	0	0	0	0	0	"0"	0	0	0	0	1	1	1	1	1	1	1	1	1	1	1	1	1	"1"	1	1	1	1	1	1	1	1	1	1	1	1	1	1	1	1	1	1	1	1	1	1	1	1	1	1	1	1	1	1	1	1	1	1	1	1	1	1	1	0	0	0	0	0	0	0	0	0	0	0	0	0	0	0	0	0	0	0	"Violent"	"Easy"
"45"	1	1	1	1	1	1	1	1	1	1	1	1	1	"1"	1	1	1	1	1	1	1	1	1	1	1	1	1	1	1	1	1	"1"	1	1	1	1	1	1	1	1	1	1	1	1	1	1	1	1	1	1	1	1	1	1	1	1	1	1	1	1	1	1	1	1	1	1	1	1	1	1	1	1	1	1	1	1	1	1	1	1	1	1	1	1	1	1	1	1	1	1	"Violent"	"Easy"
"46"	1	1	1	1	1	1	1	1	1	1	1	1	1	"1"	1	1	1	1	1	1	1	1	1	1	1	1	1	1	1	1	1	"1"	1	1	1	1	1	1	1	1	1	1	1	1	1	1	1	1	1	1	1	1	1	1	1	1	1	1	1	1	1	1	1	1	1	1	1	1	1	1	1	1	1	1	1	1	1	1	1	1	1	1	1	1	1	1	1	1	1	1	"Violent"	"Easy"
"47"	1	1	1	1	1	1	1	1	1	1	1	1	1	"1"	1	1	1	1	1	1	1	1	1	1	1	1	1	1	1	1	1	"1"	1	1	1	1	1	1	1	1	1	1	1	1	1	1	1	1	1	1	1	1	1	1	1	1	1	1	1	1	1	1	1	1	1	1	1	1	1	1	1	1	1	1	1	1	1	1	1	1	1	1	1	1	1	1	1	1	1	1	"Violent"	"Easy"
"48"	1	1	1	1	1	1	1	1	1	1	1	1	1	"1"	1	1	1	1	1	1	1	1	1	1	1	1	1	1	1	1	1	"1"	1	1	1	1	1	1	1	1	1	1	1	1	1	1	1	1	1	1	1	1	1	1	1	1	1	1	1	1	1	1	1	1	1	1	1	1	1	1	1	1	1	1	1	1	1	1	1	1	1	1	1	1	1	1	1	1	1	1	"Violent"	"Easy"
"49"	1	1	1	1	1	1	1	1	1	1	1	1	1	"1"	1	1	1	1	1	1	1	1	1	1	1	1	1	1	1	1	1	"1"	1	1	1	1	1	1	1	1	1	1	1	1	1	1	1	1	1	1	1	1	1	1	1	1	1	1	1	1	1	1	1	1	1	1	1	1	1	1	1	1	1	1	1	1	1	1	1	1	1	1	1	1	1	1	1	1	1	1	"Violent"	"Easy"
"5"	1	1	1	1	1	1	1	1	1	1	1	1	1	"1"	1	1	1	1	1	1	1	1	1	1	1	1	1	1	1	1	1	"1"	1	1	1	1	1	1	1	1	1	1	1	1	1	1	1	1	1	1	1	1	1	1	1	1	1	1	1	1	1	1	1	1	1	1	1	1	1	1	1	1	1	1	1	1	1	1	1	1	1	1	1	1	1	1	1	1	1	1	"Violent"	"Easy"
"50"	1	1	1	1	1	1	1	1	1	1	1	1	1	"1"	1	1	1	1	1	1	1	1	1	1	1	1	1	1	1	1	1	"1"	1	1	1	1	1	1	1	1	1	1	1	1	1	1	1	1	1	1	1	1	1	1	1	1	1	1	1	1	1	1	1	1	1	1	1	1	1	1	1	1	1	1	1	1	1	1	1	1	1	1	1	1	1	1	1	1	1	1	"Violent"	"Easy"
"51"	1	1	1	1	1	1	1	1	1	1	1	1	1	"1"	1	1	1	1	1	1	1	1	1	1	1	1	1	1	1	1	1	"1"	1	1	1	1	1	1	1	1	1	1	1	1	1	1	1	1	1	1	1	1	1	1	1	1	1	1	1	1	1	1	1	1	1	1	1	1	1	1	1	1	1	1	1	1	1	1	1	1	1	1	1	1	1	1	1	1	1	1	"Violent"	"Easy"
"52"	1	1	1	1	1	1	1	1	1	1	1	1	1	"1"	1	1	1	1	1	1	1	1	1	1	1	1	1	1	1	1	1	"1"	1	1	1	1	1	1	1	1	1	1	1	1	1	1	1	1	1	1	1	1	1	1	1	1	1	1	1	1	1	1	1	1	1	1	1	1	1	1	1	1	1	1	1	1	1	1	1	1	1	1	1	1	1	1	1	1	1	1	"Violent"	"Easy"
"53"	1	1	1	1	1	1	1	1	1	1	1	1	1	"1"	1	1	1	1	1	1	1	1	1	1	1	1	1	1	1	1	1	"1"	1	1	1	1	1	1	1	1	1	1	1	1	1	1	1	1	1	1	1	1	1	1	1	1	1	1	1	1	1	1	1	1	1	1	1	1	1	1	1	1	1	1	1	1	1	1	1	1	1	1	1	1	1	1	1	1	1	1	"Violent"	"Easy"
"54"	1	1	1	1	1	1	1	1	1	1	1	1	1	"1"	1	1	1	1	1	1	1	1	1	1	1	1	1	1	1	1	1	"1"	1	1	1	1	1	1	1	1	1	1	1	1	1	1	1	1	1	1	1	1	1	1	1	1	1	1	1	1	1	1	1	1	1	1	1	1	1	1	1	1	1	1	1	1	1	1	1	1	1	1	1	1	1	1	1	1	1	1	"Violent"	"Easy"
"55"	1	1	1	1	1	1	1	1	1	1	1	1	1	"1"	1	1	1	1	1	1	1	1	1	1	1	1	1	1	1	1	1	"1"	1	1	1	1	1	1	1	1	1	1	1	1	1	1	1	1	1	1	1	1	1	1	1	1	1	1	1	1	1	1	1	1	1	1	1	1	1	1	1	1	1	1	1	1	1	1	1	1	1	1	1	1	1	1	1	1	1	1	"Violent"	"Easy"
"56"	1	1	1	1	1	1	1	1	1	1	1	1	1	"1"	1	1	1	1	1	1	1	1	1	1	1	1	1	1	1	1	1	"1"	1	1	1	1	1	1	1	1	1	1	1	1	1	1	1	1	1	1	1	1	1	1	1	1	1	1	1	1	1	1	1	1	1	1	1	1	1	1	1	1	1	1	1	1	1	1	1	1	1	1	1	1	1	1	1	1	1	1	"Violent"	"Easy"
"57"	1	1	1	1	1	1	1	1	1	1	1	1	1	"1"	1	1	1	1	1	1	1	1	1	1	1	1	1	1	1	1	1	"1"	1	1	1	1	1	1	1	1	1	1	1	1	1	1	1	1	1	1	1	1	1	1	1	1	1	1	1	1	1	1	1	1	1	1	1	1	1	1	1	1	1	1	1	1	1	1	1	1	1	1	1	1	1	1	1	1	1	1	"Violent"	"Easy"
"58"	1	1	1	1	1	1	1	1	1	1	1	1	1	"1"	1	1	1	1	1	1	1	1	1	1	1	1	1	1	1	1	1	"1"	1	1	1	1	1	1	1	1	1	1	1	1	1	1	1	1	1	1	1	1	1	1	1	1	1	1	1	1	1	1	1	1	1	1	1	1	1	1	1	1	1	1	1	1	1	1	1	1	1	1	1	1	1	1	1	1	1	1	"Violent"	"Easy"
"59"	1	1	1	1	1	1	1	1	1	1	1	1	1	"1"	1	1	1	1	1	1	1	1	1	1	1	1	1	1	1	1	1	"1"	1	1	1	1	1	1	1	1	1	1	1	1	1	1	1	1	1	1	1	1	1	1	1	1	1	1	1	1	1	1	1	1	1	1	1	1	1	1	1	1	1	1	1	1	1	1	1	1	1	1	1	1	1	1	1	1	1	1	"Violent"	"Easy"
"6"	1	1	1	1	1	1	1	1	1	1	1	1	1	"1"	1	1	1	1	1	1	1	1	1	1	1	1	1	1	1	1	1	"1"	1	1	1	1	1	1	1	1	1	1	1	1	1	1	1	1	1	1	1	1	1	1	1	1	1	1	1	1	1	1	1	1	1	1	1	1	1	1	1	1	1	1	1	1	1	1	1	1	1	1	1	1	1	1	1	1	1	1	"Violent"	"Easy"
"60"	1	1	1	1	1	1	1	1	1	1	1	1	1	"1"	1	1	1	1	1	1	1	1	1	1	1	1	1	1	1	1	1	"1"	1	1	1	1	1	1	1	1	1	1	1	1	1	1	1	1	1	1	1	1	1	1	1	1	1	1	1	1	1	1	1	1	1	1	1	1	1	1	1	1	1	1	1	1	1	1	1	1	1	1	1	1	1	1	1	1	1	1	"Violent"	"Easy"
"61"	1	1	1	1	1	1	1	1	1	1	1	1	1	"1"	1	1	1	1	1	1	1	1	1	1	1	1	1	1	1	1	1	"1"	1	1	1	1	1	1	1	1	1	1	1	1	1	1	1	1	1	1	1	1	1	1	1	1	1	1	1	1	1	1	1	1	1	1	1	1	1	1	1	1	1	1	1	1	1	1	1	1	1	1	1	1	1	1	1	1	1	1	"Violent"	"Easy"
"62"	1	1	1	1	1	1	1	1	1	1	1	1	1	"1"	1	1	1	1	1	1	1	1	1	1	1	1	1	1	1	1	1	"1"	1	1	1	1	1	1	1	1	1	1	1	1	1	1	1	1	1	1	1	1	1	1	1	1	1	1	1	1	1	1	1	1	1	1	1	1	1	1	1	1	1	1	1	1	1	1	1	1	1	1	1	1	1	1	1	1	1	1	"Violent"	"Easy"
"63"	1	1	1	1	1	1	1	1	1	1	1	1	1	"1"	1	1	1	1	1	1	1	1	1	1	1	1	1	1	1	1	1	"1"	1	1	1	1	1	1	1	1	1	1	1	1	1	1	1	1	1	1	1	1	1	1	1	1	1	1	1	1	1	1	1	1	1	1	1	1	1	1	1	0	0	0	0	0	0	0	1	1	1	1	1	1	1	1	1	1	1	1	"Violent"	"Easy"
"64"	1	1	1	1	1	1	1	1	1	1	1	1	1	"1"	1	1	1	1	1	1	1	1	1	1	1	1	1	1	1	1	1	"1"	1	1	1	1	1	1	1	1	1	1	1	1	1	1	1	1	1	1	1	1	1	1	1	1	1	1	1	1	1	1	1	1	1	1	1	1	1	1	1	1	1	1	1	1	1	1	1	1	1	1	1	1	1	1	1	1	1	1	"Violent"	"Easy"
"65"	1	1	1	1	1	1	1	1	1	1	1	1	1	"1"	1	1	1	1	1	1	1	1	1	1	1	1	1	1	1	1	1	"1"	1	1	1	1	1	1	1	1	1	1	1	1	1	1	1	1	1	1	1	1	1	1	1	1	1	1	1	1	1	1	1	1	1	1	1	1	1	1	1	1	1	1	1	1	1	1	1	1	1	1	1	1	1	1	1	1	1	1	"Violent"	"Easy"
"66"	1	1	1	1	1	1	1	1	1	1	1	1	1	"1"	1	1	1	1	1	1	1	1	1	1	1	1	1	1	1	1	1	"1"	1	1	1	1	1	1	1	1	1	1	1	1	1	1	1	1	1	1	1	1	1	1	1	1	1	1	1	1	1	1	1	1	1	1	1	1	1	1	1	1	1	1	1	1	1	1	1	1	1	1	1	1	1	1	1	1	1	1	"Violent"	"Easy"
"67"	1	1	1	1	1	1	1	1	1	1	1	1	1	"1"	1	1	1	1	1	1	1	1	1	1	1	1	1	1	1	1	1	"1"	1	1	1	1	1	1	1	1	1	1	1	1	1	1	1	1	1	1	1	1	1	1	1	1	1	1	1	1	1	1	1	1	1	1	1	1	1	1	1	1	1	1	1	1	1	1	1	1	1	1	1	1	1	1	1	1	1	1	"Violent"	"Easy"
"68"	1	1	1	1	1	1	1	1	1	1	1	1	1	"1"	1	1	1	1	1	1	1	1	1	1	1	1	1	1	1	1	1	"1"	1	1	1	1	1	1	1	1	1	1	1	1	1	1	1	1	1	1	1	1	1	1	1	1	1	1	1	1	1	1	1	1	1	1	1	1	1	1	1	1	1	1	1	1	1	1	1	1	1	1	1	1	1	1	1	1	1	1	"Violent"	"Easy"
"69"	1	1	1	1	1	1	1	1	1	1	1	1	1	"1"	1	1	1	1	1	1	1	1	1	1	1	1	1	1	1	1	1	"1"	1	1	1	1	1	1	1	1	1	1	1	1	1	1	1	1	1	1	1	1	1	1	1	1	1	1	1	1	1	1	1	1	1	1	1	1	1	1	1	1	1	1	1	1	1	1	1	1	1	1	1	1	1	1	1	1	1	1	"Violent"	"Easy"
"7"	1	1	1	1	1	1	1	1	1	1	1	1	1	"1"	1	1	1	1	1	1	1	1	1	1	1	1	1	1	1	1	1	"1"	1	1	1	1	1	1	1	1	1	1	1	1	1	1	1	1	1	1	1	1	1	1	1	1	1	1	1	1	1	1	1	1	1	1	1	1	1	1	1	1	1	1	1	1	1	1	1	1	1	1	1	1	1	1	1	1	1	1	"Violent"	"Easy"
"70"	1	1	1	1	1	1	1	1	1	1	1	1	1	"1"	1	1	1	1	1	1	1	1	1	1	1	1	1	1	1	1	1	"1"	1	1	1	1	1	1	1	1	1	1	1	1	1	1	1	1	1	1	1	1	1	1	1	1	1	1	1	1	1	1	1	1	1	1	1	1	1	1	1	1	1	1	1	1	1	1	1	1	1	1	1	1	1	1	1	1	1	1	"Violent"	"Easy"
"71"	1	1	1	1	1	1	1	1	1	1	1	1	1	"1"	1	1	1	1	1	1	1	1	1	1	1	1	1	1	1	1	1	"1"	1	1	1	1	1	1	1	1	1	1	1	1	1	1	1	1	1	1	1	1	1	1	1	1	1	1	1	1	1	1	1	1	1	1	1	1	1	1	1	1	1	1	1	1	1	1	1	1	1	1	1	1	1	1	1	1	1	1	"Violent"	"Easy"
"72"	1	1	1	1	1	1	1	1	1	1	1	1	1	"1"	1	1	1	1	1	1	1	1	1	1	1	1	1	1	1	1	1	"1"	1	1	1	1	1	1	1	1	1	1	1	1	1	1	1	1	1	1	1	1	1	1	1	1	1	1	1	1	1	1	1	1	1	1	1	1	1	1	1	1	1	1	1	1	1	1	1	1	1	1	1	1	1	1	1	1	1	1	"Violent"	"Easy"
"73"	1	1	1	1	1	1	1	1	1	1	1	1	1	"1"	1	1	1	1	1	1	1	1	1	1	1	1	1	1	1	1	1	"1"	1	1	1	1	1	1	1	1	1	1	1	1	1	1	1	1	1	1	1	1	1	1	1	1	1	1	1	1	1	1	1	1	1	1	1	1	1	1	1	1	1	1	1	1	1	1	1	1	1	1	1	1	1	1	1	1	1	1	"Violent"	"Easy"
"74"	1	1	1	1	1	1	1	1	1	1	1	1	1	"1"	1	1	1	1	1	1	1	1	1	1	1	1	1	1	1	1	1	"1"	1	1	1	1	1	1	1	1	1	1	1	1	1	1	1	1	1	1	1	1	1	1	1	1	1	1	1	1	1	1	1	1	1	1	1	1	1	1	1	1	1	1	1	1	1	1	1	1	1	1	1	1	1	1	1	1	1	1	"Violent"	"Easy"
"75"	1	1	1	1	1	1	1	1	1	1	1	1	1	"1"	1	1	1	1	1	1	1	1	1	1	1	1	1	1	1	1	1	"1"	1	1	1	1	1	1	1	1	1	1	1	1	1	1	1	1	1	1	1	1	1	1	1	1	1	1	1	1	1	1	1	1	1	1	1	1	1	1	1	1	1	1	1	1	1	1	1	1	1	1	1	1	1	1	1	1	1	1	"Violent"	"Easy"
"76"	1	1	1	1	1	1	1	1	1	1	1	1	1	"1"	1	1	1	1	1	1	1	1	1	1	1	1	1	1	1	1	1	"1"	1	1	1	1	1	1	1	1	1	1	1	1	1	1	1	1	1	1	1	1	1	1	1	1	1	1	1	1	1	1	1	1	1	1	1	1	1	1	1	1	1	1	1	1	1	1	1	1	1	1	1	1	1	1	1	1	1	1	"Violent"	"Easy"
"77"	1	1	1	1	1	1	1	1	1	1	1	1	1	"1"	1	1	1	1	1	1	1	1	1	1	1	1	1	1	1	1	1	"1"	1	1	1	1	1	1	1	1	1	1	1	1	1	1	1	1	1	1	1	1	1	1	1	1	1	1	1	1	1	1	1	1	1	1	1	1	1	1	1	1	1	1	1	1	1	1	1	1	1	1	1	1	1	1	1	1	1	1	"Violent"	"Easy"
"78"	1	1	1	1	1	1	1	1	1	1	1	1	1	"1"	1	1	1	1	1	1	1	1	1	1	1	1	1	1	1	1	1	"1"	1	1	1	1	1	1	1	1	1	1	1	1	1	1	1	1	1	1	1	1	1	1	1	1	1	1	1	1	1	1	1	1	1	1	1	1	1	1	1	1	1	1	1	1	1	1	1	1	1	1	1	1	1	1	1	1	1	1	"Violent"	"Easy"
"79"	1	1	1	1	1	1	1	1	1	1	1	1	1	"1"	1	1	1	1	1	1	1	1	1	1	1	1	1	1	1	1	1	"1"	1	1	1	1	1	1	1	1	1	1	1	1	1	1	1	1	1	1	1	1	1	1	1	1	1	1	1	1	1	1	1	1	1	1	1	1	1	1	1	1	1	1	1	1	1	1	1	1	1	1	1	1	1	1	1	1	1	1	"Violent"	"Easy"
"8"	1	1	1	1	1	1	1	1	1	1	1	1	1	"1"	1	1	1	1	1	1	1	1	1	1	1	1	1	1	1	1	1	"1"	1	1	1	1	1	1	1	1	1	1	1	1	1	1	1	1	1	1	1	1	1	1	1	1	1	1	1	1	1	1	1	1	1	1	1	1	1	1	1	1	1	1	1	1	1	1	0	0	0	0	0	0	0	0	0	0	0	0	"Violent"	"Easy"
"80"	1	1	1	1	1	1	1	1	1	1	1	1	1	"1"	1	1	1	1	1	1	1	1	1	1	1	1	1	1	1	1	1	"1"	1	1	1	1	1	1	1	1	1	1	1	1	1	1	1	1	1	1	1	1	1	1	1	1	1	1	1	1	1	1	1	1	1	1	1	1	1	1	1	1	1	1	1	1	1	1	1	1	1	1	1	1	1	1	1	1	1	1	"Violent"	"Easy"
"81"	1	1	1	1	1	1	1	1	1	1	1	1	1	"1"	1	1	1	1	1	1	1	1	1	1	1	1	1	1	1	1	1	"1"	1	1	1	1	1	1	1	1	1	1	1	1	1	1	1	1	1	1	1	1	1	1	1	1	1	1	1	1	1	1	1	1	1	1	1	1	1	1	1	1	1	1	1	1	1	1	1	1	1	1	1	1	1	1	1	1	1	1	"Violent"	"Easy"
"82"	1	1	1	1	1	1	1	1	1	1	1	1	1	"1"	1	1	1	1	1	1	1	1	1	1	1	1	1	1	1	1	1	"1"	1	1	1	1	1	1	1	1	1	1	1	1	1	1	1	1	1	1	1	1	1	1	1	1	1	1	1	1	1	1	1	1	1	1	1	1	1	1	1	0	0	0	0	0	0	0	1	1	1	1	1	1	1	1	1	1	1	1	"Violent"	"Easy"
"83"	1	1	1	1	1	1	1	1	1	1	1	1	1	"1"	1	1	1	1	1	1	1	1	1	1	1	1	1	1	1	1	1	"1"	1	1	1	1	1	1	1	1	1	1	1	1	1	1	1	1	1	1	1	1	1	1	1	1	1	1	1	1	1	1	1	1	1	1	1	1	1	1	1	1	1	1	1	1	1	1	1	1	1	1	1	1	1	1	1	1	1	1	"Violent"	"Easy"
"84"	1	1	1	1	1	1	1	1	1	1	1	1	1	"1"	1	1	1	1	1	1	1	1	1	1	1	1	1	1	1	1	1	"1"	1	1	1	1	1	1	1	1	1	1	1	1	1	1	1	1	1	1	1	1	1	1	1	1	1	1	1	1	1	1	1	1	1	1	1	1	1	1	1	0	0	0	0	0	0	0	1	1	1	1	1	1	1	1	1	1	1	1	"Violent"	"Easy"
"85"	1	1	1	1	1	1	1	1	1	1	1	1	1	"1"	1	1	1	1	1	1	1	1	1	1	1	1	1	1	1	1	1	"1"	1	1	1	1	1	1	1	1	1	1	1	1	1	1	1	1	1	1	1	1	1	1	1	1	1	1	1	1	1	1	1	1	1	1	1	1	1	1	1	1	1	1	1	1	1	1	1	1	1	1	1	1	1	1	1	1	1	1	"Violent"	"Easy"
"86"	1	1	1	1	1	1	1	1	1	1	1	1	1	"1"	1	1	1	1	1	1	1	1	1	1	1	1	1	1	1	1	1	"1"	1	1	1	1	1	1	1	1	1	1	1	1	1	1	1	1	1	1	1	1	1	1	1	1	1	1	1	1	1	1	1	1	1	1	1	1	1	1	1	1	1	1	1	1	1	1	1	1	1	1	1	1	1	1	1	1	1	1	"Violent"	"Easy"
"87"	1	1	1	1	1	1	1	1	1	1	1	1	1	"1"	1	1	1	1	1	1	1	1	1	1	1	1	1	1	1	1	1	"1"	1	1	1	1	1	1	1	1	1	1	1	1	1	1	1	1	1	1	1	1	1	1	1	1	1	1	1	1	1	1	1	1	1	1	1	1	1	1	1	1	1	1	1	1	1	1	1	1	1	1	1	1	1	1	1	1	1	1	"Violent"	"Easy"
"88"	1	1	1	1	1	1	1	1	1	1	1	1	1	"1"	1	1	1	1	1	1	1	1	1	1	1	1	1	1	1	1	1	"1"	1	0	0	0	0	0	0	0	0	0	0	0	0	0	0	0	0	0	0	0	0	0	0	0	0	0	0	0	0	0	0	0	0	0	0	0	0	0	0	1	1	1	1	1	1	1	1	1	1	1	1	1	1	1	1	1	1	1	"Violent"	"Easy"
"89"	1	1	1	1	1	1	1	1	1	1	1	1	1	"1"	1	1	1	1	1	1	1	1	1	1	1	1	1	1	1	1	1	"1"	1	1	1	1	1	1	1	1	1	1	1	1	1	1	1	1	1	1	1	1	1	1	1	1	1	1	1	1	1	1	1	1	1	1	1	1	1	1	1	1	1	1	1	1	1	1	1	1	1	1	1	1	1	1	1	1	1	1	"Violent"	"Easy"
"9"	1	1	1	1	1	1	1	1	1	1	1	1	1	"1"	1	1	1	1	1	1	1	1	1	1	1	1	1	1	1	1	1	"1"	1	1	1	1	1	1	1	1	1	1	1	1	1	1	1	1	1	1	1	1	1	1	1	1	1	1	1	1	1	1	1	1	1	1	1	1	1	1	1	1	1	1	1	1	1	1	1	1	1	1	1	1	1	1	1	1	1	1	"Violent"	"Easy"
"90"	1	1	1	1	1	1	1	1	1	1	1	1	1	"1"	1	1	1	1	1	1	1	1	1	1	1	1	1	1	1	1	1	"1"	1	1	1	1	1	1	1	1	1	1	1	1	1	1	1	1	1	1	1	1	1	1	1	1	1	1	1	1	1	1	1	1	1	1	1	1	1	1	1	1	1	1	1	1	1	1	1	1	1	1	1	1	1	1	1	1	1	1	"Violent"	"Easy"
"91"	1	1	1	1	1	1	1	1	1	1	1	1	1	"1"	1	1	1	1	1	1	1	1	1	1	1	1	1	1	1	1	1	"1"	1	1	1	1	1	1	1	1	1	1	1	1	1	1	1	1	1	1	1	1	1	1	1	1	1	1	1	1	1	1	1	1	1	1	1	1	1	1	1	1	1	1	1	1	1	1	1	1	1	1	1	1	1	1	1	1	1	1	"Violent"	"Easy"
"92"	1	1	1	1	1	1	1	1	1	1	1	1	1	"1"	1	1	1	1	1	1	1	1	1	1	1	1	1	1	1	1	1	"1"	1	1	1	1	1	1	1	1	1	1	1	1	1	1	1	1	1	1	1	1	1	1	1	1	1	1	1	1	1	1	1	1	1	1	1	1	1	1	1	1	1	1	1	1	1	1	1	1	1	1	1	1	1	1	1	1	1	1	"Violent"	"Easy"
"93"	1	1	1	1	1	1	1	1	1	1	1	1	1	"1"	1	1	1	1	1	1	1	1	1	1	1	1	1	1	1	1	1	"1"	1	1	1	1	1	1	1	1	1	1	1	1	1	1	1	1	1	1	1	1	1	1	1	1	1	1	1	1	1	1	1	1	1	1	1	1	1	1	1	1	1	1	1	1	1	1	1	1	1	1	1	1	1	1	1	1	1	1	"Violent"	"Easy"
"94"	1	1	1	1	1	1	1	1	1	1	1	1	1	"1"	1	1	1	1	1	1	1	1	1	1	1	1	1	1	1	1	1	"1"	1	1	1	1	1	1	1	1	1	1	1	1	1	1	1	1	1	1	1	1	1	1	1	1	1	1	1	1	1	1	1	1	1	1	1	1	1	1	1	1	1	1	1	1	1	1	1	1	1	1	1	1	1	1	1	1	1	1	"Violent"	"Easy"
"95"	1	1	1	1	1	1	1	1	1	1	1	1	1	"1"	1	1	1	1	1	1	1	1	1	1	1	1	1	1	1	1	1	"1"	1	1	1	1	1	1	1	1	1	1	1	1	1	1	1	1	1	1	1	1	1	1	1	1	1	1	1	1	1	1	1	1	1	1	1	1	1	1	1	1	1	1	1	1	1	1	1	1	1	1	1	1	1	1	1	1	1	1	"Violent"	"Easy"
"96"	1	1	1	1	1	1	1	1	1	1	1	1	1	"1"	1	1	1	1	1	1	1	1	1	1	1	1	1	1	1	1	1	"1"	1	1	1	1	1	1	1	1	1	1	1	1	1	1	1	1	1	1	1	1	1	1	1	1	1	1	1	1	1	1	1	1	1	1	1	1	1	1	1	1	1	1	1	1	1	1	1	1	1	1	1	1	1	1	1	1	1	1	"Violent"	"Easy"
"97"	1	1	1	1	1	1	1	1	1	1	1	1	1	"1"	1	1	1	1	1	1	1	1	1	1	1	1	1	1	1	1	1	"1"	1	1	1	1	1	1	1	1	1	1	1	1	1	1	1	1	1	1	1	1	1	1	1	1	1	1	1	1	1	1	1	1	1	1	1	1	1	1	1	1	1	1	1	1	1	1	1	1	1	1	1	1	1	1	1	1	1	1	"Violent"	"Easy"
"98"	1	1	1	1	1	1	1	1	1	1	1	1	1	"1"	1	1	1	1	1	1	1	1	1	1	1	1	1	1	1	1	1	"1"	1	1	1	1	1	1	1	1	1	1	1	1	1	1	1	1	1	1	1	1	1	1	1	1	1	1	1	1	1	1	1	1	1	1	1	1	1	1	1	1	1	1	1	1	1	1	1	1	1	1	1	1	1	1	1	1	1	1	"Violent"	"Easy"
"99"	1	1	1	1	1	1	1	1	1	1	1	1	1	"1"	1	1	1	1	1	1	1	1	1	1	1	1	1	1	1	1	1	"1"	1	1	1	1	1	1	1	1	1	1	1	1	1	1	1	1	1	1	1	1	1	1	1	1	1	1	1	1	1	1	1	1	1	1	1	1	1	1	1	1	1	1	1	1	1	1	1	1	1	1	1	1	1	1	1	1	1	1	"Violent"	"Easy"
